PDD PASS assertions=8682903 last=(7, 823543, 32, 6, ((0, 1), (1, 35279), (2, 88200), (3, 164640), (4, 216090), (5, 201684), (6, 117649)))
RCS PASS assertions=12103993 last=(18, 262144, 6765, 19, 17, 2002, ((0, 19), (1, 153), (2, 17519), (3, 76013), (4, 77509), (5, 46897), (6, 23664), (7, 11160), (8, 5113), (9, 2304), (10, 1024), (11, 448), (12, 192), (13, 80), (14, 32), (15, 12), (16, 4), (17, 1)))
DSR PASS assertions=1636479 last=(9, 362880, 43296, 256, 4, (1, 207), ((0, 256), (1, 14267), (2, 160967), (3, 178200), (4, 9190)))
BDS PASS assertions=284853 last=(10, 115975, 8432, 0, 4, (2,), ((0, 5784), (1, 90860), (2, 18408), (3, 922), (4, 1)))
CAD PASS assertions=92466 last=(8, 40320, 13696, 0, 32, (14, 16))
CGS PASS assertions=65532 last=(14, 16384, 80, 3, 4, (1, 3, 6))
IHM PASS assertions=53404 last=(9, 21147, 256, 11624, (1, 1, 2, 6, 22, 92, 426, 2146, 11624))
FPT PASS assertions=49163 last=(14, 8192, 5166, 135, 30)
FCR PASS assertions=8190 last=(12, 2048, 1478, 78, 5, (1, 2, 3, 4, 5, 6, 7, 8, 9, 10))
MEP PASS assertions=101601 last=(6, 32768, 6401, 6401, 768)
DTR PASS assertions=67740 last=(6, 32768, 1974, 944, 3)
HLC PASS assertions=4478 last=(5, 4231, 541, 49)
TOTAL_ASSERTIONS=23150803
BREADTH_LITERAL_SYSTEMS=12
RECOMMEND=PDD,RCS
RESERVE=DSR
RESULT=PASS
