REPLACEMENT_POSETS_LANGUAGES_SCOUT_V1
systems=25
('P01/CHT', (6, 16, 0, 2, 3))
('P02/RFG', (21, 39, 1, 1, 3), 61)
('P03/PNC', (21, 21, 0, 0, ((3, 1), (7, 1), (11, 1))))
('P04/ATG', (10, 7, 7, 1, ((1, 7),)))
('P05/RPE', (20, 6, 6, 1, ((1, 6),)))
('L01/PSC', (677, 290, 256, 3, ((1, 256),)), 26)
('L02/LSQ', (278, 22, 2, 3, ((1, 2),)))
('L03/RNC', (364, 94, 94, 1, ((1, 94),)))
('L04/MFS', (243, 112, 0, 4, ((6, 5),)))
('L05/NFS', (128, 96, 1, 14, ((1, 1), (7, 2))))
('L06/ULQ', (128, 8, 2, 2, ((1, 2),)))
('M01/BLX', (20, 180, 0, 9, 9))
('M02/KFN', (64, 38, 38, 1, ((1, 38),)))
('M03/OZP', (729, 257, 65, 5, ((1, 65),)))
('M04/RCG', (17, 27, 1, 1, 2))
('M05/GBD', (16, 5, 1, 2, ((1, 1),)))
('C01/ZRC', (56, 20, 4, 3, ((1, 4),)))
('C02/LBB', (84, 34, 6, 4, ((1, 6),)))
('C03/SFS', (84, 54, 8, 9, ((1, 8),)))
('C04/RTR', (64, 48, 0, 3, ((8, 4),)))
('C05/ZRW', (15, 42, 0, 2, 3))
('C06/CSH', (56, 24, 4, 4, ((1, 4),)))
('Y01/RCS', (720, 5, 5, 1, ((1, 5),)))
('Y02/BGS', (22, 15, 0, 5, ((2, 1), (4, 1))))
('Y03/RCI', (35, 35, 3, 0, ((1, 3), (2, 16))))
row_sha256=ceac62ee067c80236ee267523fd54720faf09b0b14d71fe04ba21c2f83693184
nfs_focused_n=1..14
nfs_focused_sha256=109ff35706084f715b331259f826c92ababba6ed6688ddd492df01317addebba
nfs_n14=(14, 12288, 28, 421, ((1, 1), (7, 4), (14, 28)))
assertions=105428
status=EMPTY_POOL_AFTER_OWNER_AND_INTERNAL_COLLISION_GATES
HOLD_EXTERNAL
