double-adjugate exact controls: PASS
assertions: 141190
exhaustive (2, 3, 512, [169, 169, 169, 169, 169, 169], [169, 169, 169, 169, 169, 169])
exhaustive (3, 3, 19683, [5617, 5617, 5617, 5617, 5617, 5617], [5617, 5617, 5617, 5617, 5617, 5617])
exhaustive (2, 4, 65536, [20161, 20161, 20161, 20161, 20161, 20161], [20161, 20161, 20161, 20161, 20161, 20161])
signal (5, 4, [2, 4, 2, 4, 2, 4, 2, 4, 2, 4, 2, 4], [58032000001, 116064000001, 58032000001, 116064000001, 58032000001, 116064000001, 58032000001, 116064000001, 58032000001, 116064000001, 58032000001, 116064000001])
signal (7, 3, [1, 1, 3, 1, 1, 3, 1, 1, 3, 1, 1, 3], [5630689, 5630689, 16892065, 5630689, 5630689, 16892065, 5630689, 5630689, 16892065, 5630689, 5630689, 16892065])
signal (11, 4, [2, 10, 2, 10, 2, 10, 2, 10, 2, 10, 2, 10], [8278660450368001, 41393302251840001, 8278660450368001, 41393302251840001, 8278660450368001, 41393302251840001, 8278660450368001, 41393302251840001, 8278660450368001, 41393302251840001, 8278660450368001, 41393302251840001])
signal (13, 5, [3, 3, 3, 3, 3, 3, 3, 3, 3, 3, 3, 3], [1617968977262877943975864321, 1617968977262877943975864321, 1617968977262877943975864321, 1617968977262877943975864321, 1617968977262877943975864321, 1617968977262877943975864321, 1617968977262877943975864321, 1617968977262877943975864321, 1617968977262877943975864321, 1617968977262877943975864321, 1617968977262877943975864321, 1617968977262877943975864321])
staircase (5, 4, 0, [4, 4, 4, 4, 4, 4, 4])
staircase (7, 3, 1, [6, 3, 3, 3, 3, 3, 3])
staircase (17, 3, 2, [16, 4, 1, 1, 1, 1, 1])
staircase (257, 3, 4, [256, 64, 16, 4, 1, 1, 1, 1])
staircase (19, 4, 1, [18, 2, 2, 2, 2, 2, 2])
