CATALAN n/states/image/fixed/max-depth/deepest
1 1 1 1 0 1
2 1 1 0 1 1
3 2 2 0 2 1
4 5 2 0 2 3
5 14 4 0 3 3
6 42 4 0 3 9
7 132 9 0 3 50
8 429 9 0 3 165
9 1430 23 0 4 63
10 4862 23 0 4 189
11 16796 65 0 4 1710
12 58786 65 0 4 5445
TIME_IMAGE N/t/observed/predicted
1 0 1 1
1 1 1 1
5 0 23 23
5 1 4 4
5 2 2 2
5 3 1 1
5 4 1 1
9 0 2056 2056
9 1 23 23
9 2 4 4
9 3 2 2
9 4 1 1
11 0 23714 23714
11 1 65 65
11 2 4 4
11 3 2 2
11 4 1 1
LOCAL time/c/denominator-exponent/f0/f1/f4
0 1 1 1 1 1
1 1 3 1 3 15
2 3 7 3 21 630
3 63 15 63 945 192780
4 59535 31 59535 1845585 2760995160
5 109876902975 63 109876902975 6922244887425 79190481512142000
6 760594829864786522589375 127 760594829864786522589375 96595543392827888368850625 8639505401054526335709999900000
7 73470070892564531648651737762668646838667587109375 255 73470070892564531648651737762668646838667587109375 18734868077603955570406193129480504943860234712890625 13250497736038484032547765777528899848614365043977875000000
EXTREMAL time/m/source-order/targets/sources/aggregate
0 1 1 1 1 1
0 2 2 1 1 1
0 3 3 2 2 2
0 4 4 5 5 5
0 5 5 14 14 14
0 6 6 42 42 42
0 7 7 132 132 132
0 8 8 429 429 429
1 1 1 1 1 1
1 2 3 1 2 1
1 3 5 2 14 4
1 4 7 5 132 22
1 5 9 14 1430 140
1 6 11 42 16796 969
2 1 1 1 1 1
2 2 5 1 14 3
2 3 9 2 1430 72
3 1 1 1 1 1
3 2 9 1 1430 63
DEEPEST height/min-order/count/formula
1 2 1 1
2 3 1 1
3 5 3 3
4 9 63 63
BOUNDARIES N=1/t=0/m=1/large-t PASS
SUMMARY
plane_trees_through_12=82500
time_image_target_cells=33803
literal_extremal_target_cells=697
literal_extremal_source_visits=21877
ASSERTIONS 413496
THEOREM halving/image/extremal-fibres/aggregate/deepest PASS
DECISION GREEN_PENDING_INDEPENDENT_OWNER_COLLISION_GATE
EXTERNAL HOLD_EXTERNAL
STATUS PASS
