P166 ROUND4 OPEN SCOUT — EXACT SMALL-BOX TRANSCRIPT
scope=7 literal maps / 7 carrier classes / HOLD_EXTERNAL

[GDI] residue gcd-increment
(1, 0, 1, 1, 1)
(2, 1, 2, 2, 2)
(3, 2, 3, 2, 2)
(4, 2, 3, 3, 3)
(5, 4, 5, 2, 2)
(6, 3, 4, 4, 4)
(7, 6, 7, 2, 2)
(8, 3, 4, 4, 4)
(9, 4, 5, 3, 3)
(10, 5, 6, 4, 4)
(11, 10, 11, 2, 2)
(12, 4, 5, 6, 6)
(13, 12, 13, 2, 2)
(14, 7, 8, 4, 4)
(15, 6, 7, 4, 4)
(16, 4, 5, 5, 5)
(17, 16, 17, 2, 2)
(18, 5, 6, 6, 6)
(19, 18, 19, 2, 2)
(20, 6, 7, 6, 6)
(30, 7, 8, 8, 8)
(60, 8, 9, 12, 12)
(90, 9, 10, 12, 12)
(120, 9, 10, 16, 16)
(150, 11, 12, 12, 12)
(180, 10, 11, 18, 18)
transition_sha256=901a5539e0be013f2d2c5977256a41bfd2ab4744dff1eb297624677a80101ef9

[CSP] centralizer-size power on permutations
(1, 1, 1, (((0, 1), 1),), ((1, 1),))
(2, 2, 1, (((0, 1), 1), ((1, 1), 1)), ((2, 1),))
(3, 6, 1, (((0, 1), 1), ((1, 1), 5)), ((6, 1),))
(4, 24, 1, (((0, 1), 1), ((1, 1), 23)), ((24, 1),))
(5, 120, 1, (((0, 1), 1), ((1, 1), 119)), ((120, 1),))
(6, 720, 1, (((0, 1), 1), ((1, 1), 719)), ((720, 1),))
(7, 5040, 1, (((0, 1), 1), ((1, 1), 5039)), ((5040, 1),))
(8, 40320, 1, (((0, 1), 1), ((1, 1), 40319)), ((40320, 1),))
transition_sha256=a851408d0bf803bae5f5cfb78ada34cd4cf75b7ac4990818a1fba2928229dc8a

[POC] parity outer-product matrix feedback
((1, 1), 2, 1, 1, 1, 2, ((2, 1),))
((1, 5), 32, 16, 16, 1, 17, ((1, 15), (17, 1)))
((2, 3), 64, 32, 20, 4, 9, ((1, 28), (9, 4)))
((2, 5), 1024, 512, 272, 16, 33, ((1, 496), (33, 16)))
((3, 3), 512, 256, 112, 16, 17, ((1, 240), (17, 16)))
((3, 4), 4096, 2048, 704, 64, 33, ((1, 1984), (33, 64)))
((4, 4), 65536, 32768, 7680, 512, 65, ((1, 32256), (65, 512)))
transition_sha256=510cbe887731105a8a6564826c6a8ed2179f27d1189a2d6f9a28895cb5f0e02e

[CTC] 2-by-2 transpose self-commutator
(2, 16, 3, 8, (4,), ((0, 1), (1, 7), (2, 8)), ((0, 1), (1, 1), (2, 1)))
(3, 81, 9, 33, (6,), ((0, 1), (1, 32), (2, 48)), ((0, 1), (2, 8)))
(4, 256, 13, 64, (16,), ((0, 1), (1, 63), (2, 192)), ((0, 1), (1, 3), (2, 9)))
(5, 625, 25, 145, (20,), ((0, 1), (1, 144), (2, 480)), ((0, 1), (1, 8), (2, 16)))
(7, 2401, 49, 385, (42,), ((0, 1), (1, 384), (2, 2016)), ((0, 1), (2, 48)))
transition_sha256=aed5648fa5f4ad1e8194fb38de974d0eaecb7a9560047507c6a67cd2366118cc

[DPS] odd-set Seidel feedback
(1, 1, 1, (((0, 1), 1),))
(2, 2, 2, (((0, 1), 2),))
(3, 8, 2, (((0, 1), 2), ((1, 1), 6)))
(4, 64, 16, (((0, 1), 16), ((0, 2), 48)))
(5, 1024, 64, (((0, 1), 64), ((1, 1), 960)))
(6, 32768, 2048, (((0, 1), 2048), ((0, 2), 30720)))
transition_sha256=2dad09a16bea716300bee2084fcc49f9cd66502c4dc799f032363c904d0c203e

[HOP] hypergraph boundary-to-triangle operator
(3, 2, 2, 2, 2, 0, (((0, 1), 2),), ((1, 2),))
(4, 8, 5, 5, 5, 1, (((0, 1), 5), ((1, 1), 3)), ((1, 4), (4, 1)))
(5, 64, 37, 37, 37, 1, (((0, 1), 37), ((1, 1), 27)), ((1, 36), (28, 1)))
(6, 1024, 562, 292, 187, 2, (((0, 1), 187), ((1, 1), 537), ((2, 1), 300)), ((1, 451), (2, 90), (10, 20), (193, 1)))
(7, 32768, 18296, 4856, 3719, 2, (((0, 1), 3719), ((1, 1), 17139), ((2, 1), 11910)), ((1, 15110), (2, 1575), (4, 1050), (5, 315), (12, 210), (112, 35), (2293, 1)))
transition_sha256=4d6364ee90a2efffdf48ac4ed007bec856c4e529feb9e7259228c7a120a7e486

[CTR] marked-root transport to tree center
(1, 1, 1, 1, 0, 0, 1)
(2, 1, 2, 0, 1, 0, 1)
(3, 3, 9, 3, 0, 1, 3)
(4, 16, 64, 4, 12, 1, 4)
(5, 125, 625, 65, 60, 2, 5)
(6, 1296, 7776, 726, 570, 2, 6)
(7, 16807, 117649, 8617, 8190, 3, 7)
transition_sha256=a7bfba0fd6930d4e6d5895c0295f43b61e80b050bec11aa479a44834345dba77

DECISIONS
GDI=KILL_DIRECT_PUBLIC_LITERAL_OWNER
CSP=KILL_NO_ALL_PARAMETER_SPINE_PLUS_POWER_MAP_CROWDING
POC=KILL_INTERNAL_P127_PROOF_SILHOUETTE
CTC=KILL_CLASSICAL_SELF_COMMUTATOR_PLUS_SHALLOW_QUADRATIC_MATRIX_SILHOUETTE
DPS=KILL_CLASSICAL_SWITCHING_PLUS_INTERNAL_P127
HOP=KILL_NO_CLOSED_TEMPORAL_OR_TARGET_ATLAS
CTR=KILL_THIN_MARKER_NAVIGATION_ON_STATIC_TREE
ROUND4=KILL_ALL
ASSERTIONS=2767970
STATUS=PASS
