OSCILLATOR_SCOUT / BOUNDED_ONLY / NO_PROMOTION / HOLD_EXTERNAL
OR q= 2 n= 1 (2, 2, ((2, 1),), 0, 1, 2, ((0,), (1,)), 2)
OR q= 2 n= 2 (4, 4, ((2, 2),), 0, 1, 4, ((0, 0), (0, 1)), 4)
OR q= 2 n= 3 (8, 8, ((2, 4),), 0, 1, 8, ((0, 0, 0), (0, 0, 1)), 8)
OR q= 2 n= 4 (16, 16, ((2, 8),), 0, 1, 16, ((0, 0, 0, 0), (0, 0, 0, 1)), 16)
OR q= 2 n= 5 (32, 32, ((2, 16),), 0, 1, 32, ((0, 0, 0, 0, 0), (0, 0, 0, 0, 1)), 32)
OR q= 2 n= 6 (64, 64, ((2, 32),), 0, 1, 64, ((0, 0, 0, 0, 0, 0), (0, 0, 0, 0, 0, 1)), 64)
OR q= 2 n= 7 (128, 128, ((2, 64),), 0, 1, 128, ((0, 0, 0, 0, 0, 0, 0), (0, 0, 0, 0, 0, 0, 1)), 128)
OR q= 2 n= 8 (256, 256, ((2, 128),), 0, 1, 256, ((0, 0, 0, 0, 0, 0, 0, 0), (0, 0, 0, 0, 0, 0, 0, 1)), 256)
OR q= 2 n= 9 (512, 512, ((2, 256),), 0, 1, 512, ((0, 0, 0, 0, 0, 0, 0, 0, 0), (0, 0, 0, 0, 0, 0, 0, 0, 1)), 0)
OR q= 2 n= 10 (1024, 1024, ((2, 512),), 0, 1, 1024, ((0, 0, 0, 0, 0, 0, 0, 0, 0, 0), (0, 0, 0, 0, 0, 0, 0, 0, 0, 1)), 0)
OR q= 3 n= 1 (3, 3, ((3, 1),), 0, 1, 3, ((0,), (1,)), 3)
OR q= 3 n= 2 (9, 7, ((2, 1), (3, 1)), 2, 2, 2, ((0, 1), (1, 0)), 9)
OR q= 3 n= 3 (27, 18, ((3, 2),), 4, 2, 9, ((0, 0, 1), (0, 1, 0)), 27)
OR q= 3 n= 4 (81, 47, ((2, 1), (3, 5)), 4, 4, 2, ((0, 1, 0, 1), (1, 0, 1, 0)), 81)
OR q= 3 n= 5 (243, 123, ((3, 11), (5, 1)), 4, 4, 15, ((0, 0, 1, 0, 1), (0, 1, 0, 0, 1)), 243)
OR q= 3 n= 6 (729, 322, ((2, 1), (3, 22)), 7, 8, 2, ((0, 1, 0, 1, 0, 1), (1, 0, 1, 0, 1, 0)), 0)
OR q= 3 n= 7 (2187, 843, ((3, 43), (7, 1)), 7, 8, 21, ((0, 0, 1, 0, 1, 0, 1), (0, 1, 0, 0, 1, 0, 1)), 0)
OR q= 3 n= 8 (6561, 2207, ((2, 1), (3, 85), (8, 1)), 7, 16, 2, ((0, 1, 0, 1, 0, 1, 0, 1), (1, 0, 1, 0, 1, 0, 1, 0)), 0)
OR q= 4 n= 1 (4, 4, ((4, 1),), 0, 1, 4, ((0,), (1,)), 4)
OR q= 4 n= 2 (16, 10, ((2, 1), (4, 1)), 2, 3, 2, ((0, 1), (1, 0)), 16)
OR q= 4 n= 3 (64, 31, ((3, 1), (4, 1)), 4, 4, 3, ((0, 0, 1), (0, 1, 0)), 64)
OR q= 4 n= 4 (256, 98, ((2, 1), (4, 2)), 6, 9, 2, ((0, 1, 0, 1), (1, 0, 1, 0)), 256)
OR q= 4 n= 5 (1024, 309, ((4, 6), (5, 1)), 6, 12, 5, ((0, 0, 1, 0, 1), (0, 1, 0, 0, 1)), 0)
OR q= 4 n= 6 (4096, 973, ((2, 1), (3, 1), (4, 16), (6, 1)), 6, 27, 2, ((0, 1, 0, 1, 0, 1), (1, 0, 1, 0, 1, 0)), 0)
OR q= 5 n= 1 (5, 5, ((5, 1),), 0, 1, 5, ((0,), (1,)), 5)
OR q= 5 n= 2 (25, 13, ((2, 1), (5, 1)), 2, 4, 2, ((0, 1), (1, 0)), 25)
OR q= 5 n= 3 (125, 47, ((3, 1), (5, 1)), 4, 7, 3, ((0, 0, 1), (0, 1, 0)), 125)
OR q= 5 n= 4 (625, 173, ((2, 1), (4, 1), (5, 1)), 6, 16, 2, ((0, 1, 0, 1), (1, 0, 1, 0)), 0)
OR q= 5 n= 5 (3125, 630, ((5, 3),), 8, 28, 5, ((0, 0, 1, 0, 1), (0, 1, 0, 0, 1)), 0)
AR q= 2 n= 1 (2, 2, ((2, 1),), 0, 1, 2, ((0,), (1,)), 2)
AR q= 2 n= 2 (4, 2, ((2, 1),), 1, 3, 1, ((0, 0),), 4)
AR q= 2 n= 3 (8, 5, ((2, 1), (3, 1)), 1, 4, 1, ((0, 0, 0),), 8)
AR q= 2 n= 4 (16, 10, ((2, 1), (8, 1)), 1, 7, 1, ((0, 0, 0, 0),), 16)
AR q= 2 n= 5 (32, 17, ((2, 1), (5, 1), (10, 1)), 1, 11, 1, ((0, 0, 0, 0, 0),), 32)
AR q= 2 n= 6 (64, 29, ((2, 1), (3, 1), (12, 2)), 1, 18, 1, ((0, 0, 0, 0, 0, 0),), 64)
AR q= 2 n= 7 (128, 51, ((2, 1), (7, 1), (14, 3)), 1, 29, 1, ((0, 0, 0, 0, 0, 0, 0),), 128)
AR q= 2 n= 8 (256, 90, ((2, 1), (8, 1), (16, 5)), 1, 47, 1, ((0, 0, 0, 0, 0, 0, 0, 0),), 256)
AR q= 2 n= 9 (512, 158, ((2, 1), (3, 1), (9, 1), (18, 8)), 1, 76, 1, ((0, 0, 0, 0, 0, 0, 0, 0, 0),), 0)
AR q= 2 n= 10 (1024, 277, ((2, 1), (5, 1), (10, 1), (20, 13)), 1, 123, 1, ((0, 0, 0, 0, 0, 0, 0, 0, 0, 0),), 0)
AR q= 3 n= 1 (3, 3, ((3, 1),), 0, 1, 3, ((0,), (1,)), 3)
AR q= 3 n= 2 (9, 3, ((3, 1),), 1, 7, 1, ((0, 0),), 9)
AR q= 3 n= 3 (27, 9, ((3, 2),), 2, 13, 1, ((0, 0, 0),), 27)
AR q= 3 n= 4 (81, 23, ((3, 1),), 5, 35, 1, ((0, 0, 0, 0),), 81)
AR q= 3 n= 5 (243, 53, ((3, 1),), 7, 81, 1, ((0, 0, 0, 0, 0),), 243)
AR q= 3 n= 6 (729, 117, ((3, 2),), 11, 199, 1, ((0, 0, 0, 0, 0, 0),), 0)
AR q= 3 n= 7 (2187, 255, ((3, 1), (7, 2)), 14, 477, 1, ((0, 0, 0, 0, 0, 0, 0),), 0)
AR q= 3 n= 8 (6561, 559, ((3, 1), (12, 2), (24, 1)), 17, 1155, 1, ((0, 0, 0, 0, 0, 0, 0, 0),), 0)
AR q= 4 n= 1 (4, 4, ((4, 1),), 0, 1, 4, ((0,), (1,)), 4)
AR q= 4 n= 2 (16, 4, ((4, 1),), 1, 13, 1, ((0, 0),), 16)
AR q= 4 n= 3 (64, 13, ((3, 1), (4, 1)), 2, 34, 1, ((0, 0, 0),), 64)
AR q= 4 n= 4 (256, 40, ((4, 1),), 5, 121, 1, ((0, 0, 0, 0),), 256)
AR q= 4 n= 5 (1024, 109, ((4, 1), (15, 1)), 5, 391, 1, ((0, 0, 0, 0, 0),), 0)
AR q= 4 n= 6 (4096, 277, ((3, 1), (4, 1), (6, 2)), 10, 1300, 1, ((0, 0, 0, 0, 0, 0),), 0)
AR q= 5 n= 1 (5, 5, ((5, 1),), 0, 1, 5, ((0,), (1,)), 5)
AR q= 5 n= 2 (25, 5, ((5, 1),), 1, 21, 1, ((0, 0),), 25)
AR q= 5 n= 3 (125, 17, ((3, 1), (5, 1)), 2, 73, 1, ((0, 0, 0),), 125)
AR q= 5 n= 4 (625, 61, ((5, 1),), 5, 325, 1, ((0, 0, 0, 0),), 0)
AR q= 5 n= 5 (3125, 185, ((5, 1), (15, 1)), 5, 1361, 1, ((0, 0, 0, 0, 0),), 0)
DA q= 2 n= 1 (2, 2, ((1, 2),), 0, 1, 2, ((0,), (1,)), 2)
DA q= 2 n= 2 (4, 4, ((1, 2), (2, 1)), 0, 1, 4, ((0, 0), (0, 1)), 4)
DA q= 2 n= 3 (8, 8, ((1, 2), (3, 2)), 0, 1, 8, ((0, 0, 0), (0, 0, 1)), 8)
DA q= 2 n= 4 (16, 16, ((1, 2), (2, 1), (4, 3)), 0, 1, 16, ((0, 0, 0, 0), (0, 0, 0, 1)), 16)
DA q= 2 n= 5 (32, 32, ((1, 2), (5, 6)), 0, 1, 32, ((0, 0, 0, 0, 0), (0, 0, 0, 0, 1)), 32)
DA q= 2 n= 6 (64, 64, ((1, 2), (2, 1), (3, 2), (6, 9)), 0, 1, 64, ((0, 0, 0, 0, 0, 0), (0, 0, 0, 0, 0, 1)), 64)
DA q= 2 n= 7 (128, 128, ((1, 2), (7, 18)), 0, 1, 128, ((0, 0, 0, 0, 0, 0, 0), (0, 0, 0, 0, 0, 0, 1)), 128)
DA q= 2 n= 8 (256, 256, ((1, 2), (2, 1), (4, 3), (8, 30)), 0, 1, 256, ((0, 0, 0, 0, 0, 0, 0, 0), (0, 0, 0, 0, 0, 0, 0, 1)), 256)
DA q= 2 n= 9 (512, 512, ((1, 2), (3, 2), (9, 56)), 0, 1, 512, ((0, 0, 0, 0, 0, 0, 0, 0, 0), (0, 0, 0, 0, 0, 0, 0, 0, 1)), 0)
DA q= 2 n= 10 (1024, 1024, ((1, 2), (2, 1), (5, 6), (10, 99)), 0, 1, 1024, ((0, 0, 0, 0, 0, 0, 0, 0, 0, 0), (0, 0, 0, 0, 0, 0, 0, 0, 0, 1)), 0)
DA q= 3 n= 1 (3, 3, ((1, 3),), 0, 1, 3, ((0,), (1,)), 3)
DA q= 3 n= 2 (9, 9, ((1, 3), (3, 2)), 0, 1, 9, ((0, 0), (0, 1)), 9)
DA q= 3 n= 3 (27, 18, ((1, 3), (3, 2)), 2, 4, 3, ((0, 1, 2), (1, 2, 0)), 27)
DA q= 3 n= 4 (81, 45, ((1, 3), (3, 6), (4, 3)), 2, 3, 12, ((0, 0, 1, 2), (0, 1, 1, 2)), 81)
DA q= 3 n= 5 (243, 123, ((1, 3), (3, 10), (5, 6)), 3, 5, 15, ((0, 1, 0, 1, 2), (0, 1, 2, 0, 1)), 243)
DA q= 3 n= 6 (729, 318, ((1, 3), (3, 22), (6, 10)), 5, 18, 3, ((0, 1, 2, 0, 1, 2), (1, 2, 0, 1, 2, 0)), 0)
DA q= 3 n= 7 (2187, 843, ((1, 3), (3, 42), (7, 18)), 5, 13, 21, ((0, 0, 1, 2, 0, 1, 2), (0, 1, 1, 2, 0, 1, 2)), 0)
DA q= 3 n= 8 (6561, 2205, ((1, 3), (3, 86), (4, 3), (8, 30)), 6, 21, 24, ((0, 1, 0, 1, 2, 0, 1, 2), (0, 1, 2, 0, 1, 0, 1, 2)), 0)
DA q= 4 n= 1 (4, 4, ((1, 4),), 0, 1, 4, ((0,), (1,)), 4)
DA q= 4 n= 2 (16, 16, ((1, 4), (4, 3)), 0, 1, 16, ((0, 0), (0, 1)), 16)
DA q= 4 n= 3 (64, 40, ((1, 4), (4, 6)), 2, 3, 12, ((0, 1, 2), (0, 1, 3)), 64)
DA q= 4 n= 4 (256, 136, ((1, 4), (4, 21)), 3, 7, 4, ((0, 1, 2, 3), (1, 2, 3, 0)), 256)
DA q= 4 n= 5 (1024, 464, ((1, 4), (4, 60), (5, 4)), 3, 5, 40, ((0, 0, 1, 2, 3), (0, 1, 0, 2, 3)), 0)
DA q= 4 n= 6 (4096, 1576, ((1, 4), (4, 183), (6, 10)), 4, 10, 24, ((0, 1, 2, 0, 1, 3), (0, 1, 2, 3, 1, 2)), 0)
DA q= 5 n= 1 (5, 5, ((1, 5),), 0, 1, 5, ((0,), (1,)), 5)
DA q= 5 n= 2 (25, 25, ((1, 5), (5, 4)), 0, 1, 25, ((0, 0), (0, 1)), 25)
DA q= 5 n= 3 (125, 80, ((1, 5), (5, 12)), 2, 3, 15, ((0, 1, 2), (0, 1, 4)), 125)
DA q= 5 n= 4 (625, 345, ((1, 5), (5, 52)), 3, 5, 20, ((0, 1, 2, 3), (0, 1, 2, 4)), 0)
DA q= 5 n= 5 (3125, 1475, ((1, 5), (5, 204)), 4, 11, 5, ((0, 1, 2, 3, 4), (1, 2, 3, 4, 0)), 0)
DONE / SCOUT_SIGNATURES_NOT_ALL_PARAMETER_THEOREMS
