OPEN_FRESH_P166 INDEPENDENT VERIFIER
RTCD rows:
  (1, 1, 1, 1, 0, 1, ((1, 1),))
  (2, 2, 1, 2, 1, 1, ((1, 1),))
  (3, 6, 3, 2, 1, 3, ((1, 3),))
  (4, 24, 3, 8, 2, 1, ((1, 1),))
  (5, 120, 15, 8, 2, 13, ((1, 5), (4, 8)))
  (6, 720, 15, 48, 2, 9, ((1, 9),))
  (7, 5040, 105, 48, 2, 87, ((1, 15), (4, 24), (6, 48)))
  (8, 40320, 105, 384, 3, 33, ((1, 33),))
RTCD fingerprint: a2f582de075da10ea8d7370a6ee1688d58d7d66ca6d0e921532fbf4c846e834f
UTAS rows:
  (1, 2, 1, 2, ((1, 1),), ((2, 1),))
  (2, 8, 2, 6, ((1, 2),), ((2, 1), (6, 1)))
  (3, 64, 8, 26, ((1, 6), (2, 2)), ((2, 2), (6, 4), (10, 1), (26, 1)))
  (4, 1024, 64, 162, ((1, 28), (2, 36)), ((2, 12), (6, 16), (10, 16), (18, 2), (26, 12), (42, 4), (66, 1), (162, 1)))
  (5, 32768, 1024, 1442, ((1, 192), (2, 768), (4, 64)), ((2, 160), (6, 128), (10, 240), (18, 112), (26, 96), (34, 8), (42, 144), (66, 56), (74, 16), (98, 4), (114, 8), (162, 34), (258, 12), (402, 4), (610, 1), (1442, 1)))
UTAS fingerprint: daf48ba34327afde43211913fae03f0d015110b43f69fafa913c42cf793ce2a3
SCD rows:
  (1, 2, 2, 0, ((0, 1), (1, 1)))
  (2, 7, 5, 1, ((0, 1), (1, 1), (2, 3)))
  (3, 44, 16, 0, ((0, 1), (1, 1), (2, 3), (3, 15)))
  (4, 529, 67, 3, ((0, 1), (1, 1), (2, 3), (3, 15), (4, 183)))
SCD fingerprint: 2f7a82a1df0756c90fd7c5329f6de1af22c49ac24f2c93b533a4f3bb3482726e
assertions: 270398
decision: KILL_ALL
external_status: HOLD_EXTERNAL
status: PASS
