P162--P166 REPLACEMENT ADAPTIVE-MAPS SCOUT
01 AQN q=3,n=6 state/image=729/243, point-periods=((1, 23), (2, 40), (3, 120), (6, 60)), change-census=((0, 1), (2, 30), (3, 40), (4, 90), (5, 60), (6, 22))
02 HWR binary n=9 signature=(512, ((1, 512),), ((1, 8), (3, 54), (9, 38)), 0, ((0, 512),))
03 DCR q=3,n=6 signature=(729, ((1, 729),), ((1, 69), (2, 60), (3, 120), (6, 30)), 0, ((0, 729),))
04 DAR q=3,n=6 signature=(729, ((1, 729),), ((1, 69), (2, 150), (3, 120)), 0, ((0, 729),))
05 CCR q=3,n=6 signature=(729, ((1, 729),), ((1, 15), (2, 267), (3, 60)), 0, ((0, 729),))
06 SVT subsets Z_9 signature=(512, ((1, 512),), ((1, 8), (3, 54), (9, 38)), 0, ((0, 512),))
07 BRT partitions n=6 signature=(203, ((1, 203),), ((1, 15), (2, 40), (3, 32), (6, 2)), 0, ((0, 203),))
08 EGR graphs n=6 signature=(32768, ((1, 32768),), ((1, 5546), (2, 2688), (3, 3698), (6, 1792)), 0, ((0, 32768),))
09 PFC permutations n=7 signature=(5040, ((1, 5040),), ((1, 1855), (7, 455)), 0, ((0, 5040),))
10 EIC endofunctions n=5 signature=(3125, ((1, 3125),), ((1, 120), (5, 601)), 0, ((0, 3125),))
11 PDR partial binary words n=7 signature=(2187, ((1, 2187),), ((1, 129), (7, 294)), 0, ((0, 2187),))
12 PCR partial permutations n=5 signature=(1546, ((1, 1546),), ((1, 121), (5, 285)), 0, ((0, 1546),))
13 ISR q=5,n=5 signature=(3125, ((1, 3125),), ((1, 33), (2, 496), (5, 42), (10, 189)), 0, ((0, 3125),))
14 WCR binary n=9 signature=(512, ((1, 512),), ((2, 256),), 0, ((0, 512),))
15 MRR binary 3x3 matrices signature=(512, ((1, 512),), ((1, 2), (3, 170)), 0, ((0, 512),))
16 CLT q=4,n=6 signature=(4096, ((1, 4096),), ((1, 1560), (2, 186), (4, 541)), 0, ((0, 4096),))
17 IDH n=5 signature=(122, ((5, 21), (10, 20), (20, 30), (30, 30), (60, 20), (120, 1)), ((1, 2),), 4, ((0, 2), (1, 33), (2, 990), (3, 600), (4, 1500)))
18 PIS n=5 signature=(281, ((5, 120), (10, 120), (30, 40), (125, 1)), ((1, 43), (2, 83)), 3, ((0, 209), (1, 2196), (2, 560), (3, 160)))
19 OCL n=5 signature=(60, ((2, 10), (6, 15), (16, 10), (18, 10), (24, 6), (51, 5), (120, 1), (300, 1), (560, 1), (1296, 1)), ((1, 1),), 3, ((0, 1), (1, 1295), (2, 1622), (3, 207)))
20 BAS n=5 signature=(42, ((1, 1), (3, 10), (17, 10), (27, 5), (51, 10), (142, 5), (1569, 1)), ((1, 5),), 3, ((0, 5), (1, 1859), (2, 1224), (3, 37)))
21 RAC n=5 signature=(2045, ((1, 1474), (2, 330), (3, 180), (7, 60), (31, 1)), ((1, 420), (5, 325)), 1, ((0, 2045), (1, 1080)))
22 CNY subset n=9 signature=(447, ((1, 383), (2, 64)), ((3, 1), (9, 8)), 13, ((0, 75), (1, 21), (2, 21), (3, 21), (4, 29), (5, 34), (6, 40), (7, 49), (8, 58), (9, 63), (10, 56), (11, 33), (12, 10), (13, 1)))
23 PAS subset n=9 signature=(383, ((1, 255), (2, 128)), ((1, 128), (3, 1), (9, 28)), 1, ((0, 383), (1, 128)))
24 MFS binary n=10 signature=(638, ((1, 252), (2, 386)), ((1, 2),), 10, ((0, 2), (1, 2), (2, 4), (3, 8), (4, 16), (5, 31), (6, 57), (7, 99), (8, 163), (9, 256), (10, 386)))
25 NFS binary n=10 signature=(768, ((1, 512), (2, 256)), ((11, 2),), 19, ((0, 22), (1, 9), (2, 9), (3, 14), (4, 18), (5, 24), (6, 32), (7, 44), (8, 56), (9, 76), (10, 36), (11, 36), (12, 60), (13, 48), (14, 72), (15, 68), (16, 91), (17, 85), (18, 116), (19, 108)))
26 ACA binary cycle n=9 signature=(206, ((1, 132), (2, 18), (3, 18), (5, 18), (7, 18), (37, 2)), ((1, 2), (2, 39)), 3, ((0, 80), (1, 306), (2, 72), (3, 54)))
ASSERTIONS 393864
STATUS PASS

DETERMINISM
run_1_stdout_sha256=479a5667a1c603bc46ea34860040ced76f9581806a1bcd93f1f0cd0b83963582
run_2_stdout_sha256=479a5667a1c603bc46ea34860040ced76f9581806a1bcd93f1f0cd0b83963582
byte_identical=yes

FILES_AT_FREEZE
verify_scout.py sha256=cfa535fb9be54d12578e9448817853eef9708e3cd236f97bec90f13837fbfa16
SCOUT.md sha256=bd79106054b251b659e7bb54b0ce8df5e658635977692bf38c6137a2052b15bb
OWNER_SEARCH_LOG.md sha256=8c76a14d83d606eea1e7f59c6885f8d21b5ec1391820eecc9e3640858287b303

DECISION
literal_systems=26
survivors=1
selected=AQN
selected_gate=SELECT_AMBER_SPECIALIST_OWNER_GATE
all_other_systems=KILL
external_state=HOLD_EXTERNAL
