P165 HOSTILE REVIEW B — INDEPENDENT EXACT VERIFIER
lifecycle=HOLD_EXTERNAL
implementation=independent_RREF_plus_native_GF4
F4_model=a^2+a+1=0; a^2=a+1; a^3=1
rows: field,n,codes,depth_hist,target_interfaces,extremal_interfaces,zero_minima,full_support_lines
BOX ('F2', 0, 1, ((0, 1),), 0, 0, ((0, 1),), ())
BOX ('F2', 1, 2, ((0, 1), (1, 1)), 4, 4, ((0, 1), (1, 1)), (1,))
BOX ('F2', 2, 5, ((0, 1), (1, 4)), 16, 16, ((0, 1), (1, 2)), (1, 1))
BOX ('F2', 3, 16, ((0, 1), (1, 12), (2, 3)), 75, 75, ((0, 1), (1, 3), (2, 3)), (1, 1, 1))
BOX ('F2', 4, 67, ((0, 1), (1, 40), (2, 26)), 330, 330, ((0, 1), (1, 4), (2, 12)), (1, 1, 1, 1))
BOX ('F2', 5, 374, ((0, 1), (1, 188), (2, 185)), 1865, 1865, ((0, 1), (1, 5), (2, 30)), (1, 1, 1, 1, 1))
BOX ('F2', 6, 2825, ((0, 1), (1, 1377), (2, 1447)), 14120, 14120, ((0, 1), (1, 6), (2, 60)), (1, 1, 1, 1, 1, 1))
BOX ('F2', 7, 29212, ((0, 1), (1, 15064), (2, 14042), (3, 105)), 175266, 175266, ((0, 1), (1, 7), (2, 105), (3, 105)), (1, 1, 1, 1, 1, 1, 1))
BOX ('F3', 0, 1, ((0, 1),), 0, 0, ((0, 1),), ())
BOX ('F3', 1, 2, ((0, 1), (1, 1)), 4, 4, ((0, 1), (1, 1)), (1,))
BOX ('F3', 2, 6, ((0, 1), (1, 5)), 20, 20, ((0, 1), (1, 2)), (1, 2))
BOX ('F3', 3, 28, ((0, 1), (1, 21), (2, 6)), 135, 135, ((0, 1), (1, 3), (2, 6)), (1, 2, 4))
BOX ('F3', 4, 212, ((0, 1), (1, 143), (2, 68)), 1055, 1055, ((0, 1), (1, 4), (2, 24)), (1, 2, 4, 8))
BOX ('F3', 5, 2664, ((0, 1), (1, 1863), (2, 800)), 13315, 13315, ((0, 1), (1, 5), (2, 60)), (1, 2, 4, 8, 16))
BOX ('F4', 0, 1, ((0, 1),), 0, 0, ((0, 1),), ())
BOX ('F4', 1, 2, ((0, 1), (1, 1)), 4, 4, ((0, 1), (1, 1)), (1,))
BOX ('F4', 2, 7, ((0, 1), (1, 6)), 24, 24, ((0, 1), (1, 2)), (1, 3))
BOX ('F4', 3, 44, ((0, 1), (1, 34), (2, 9)), 215, 215, ((0, 1), (1, 3), (2, 9)), (1, 3, 9))
BOX ('F4', 4, 529, ((0, 1), (1, 402), (2, 126)), 2640, 2640, ((0, 1), (1, 4), (2, 36)), (1, 3, 9, 27))
BOX ('F5', 0, 1, ((0, 1),), 0, 0, ((0, 1),), ())
BOX ('F5', 1, 2, ((0, 1), (1, 1)), 4, 4, ((0, 1), (1, 1)), (1,))
BOX ('F5', 2, 8, ((0, 1), (1, 7)), 28, 28, ((0, 1), (1, 2)), (1, 4))
BOX ('F5', 3, 64, ((0, 1), (1, 51), (2, 12)), 315, 315, ((0, 1), (1, 3), (2, 12)), (1, 4, 16))
BOX ('F5', 4, 1120, ((0, 1), (1, 919), (2, 200)), 5595, 5595, ((0, 1), (1, 4), (2, 48)), (1, 4, 16, 64))
strict_boundary: field,(source_words,strict_words,weak_words)
STRICT ('F2', (4, 2, 1))
STRICT ('F3', (9, 3, 1))
STRICT ('F4', (16, 4, 1))
STRICT ('F5', (25, 5, 1))
transition_sha256=26f9a5289fff65e701ecfc0c18cb1d91271b652ca8f1067263497db1374ae8b7
assertions=1220460
P165_REVIEW_B_EXACT_PASS
