P162-P166 REPLACEMENT MATCHINGS/INCIDENCE SCOUT
01 M01 OMD n=1..7 rows=((1, (1, 1, ((1, 1),), ((1, 1),), 0, ((0, 1),)), (1, 1, 1, 1, 1, 1)), (2, (3, 1, ((3, 1),), ((1, 1),), 1, ((0, 1), (1, 2))), (1, 1, 1, 1, 1, 1)), (3, (15, 9, ((1, 8), (7, 1)), ((1, 1), (2, 4)), 1, ((0, 9), (1, 6))), (1, 9, 1, 9, 1, 9)), (4, (105, 45, ((1, 32), (4, 12), (25, 1)), ((1, 1), (2, 16)), 2, ((0, 33), (1, 24), (2, 48))), (1, 33, 1, 33, 1, 33)), (5, (945, 525, ((1, 384), (3, 80), (4, 60), (81, 1)), ((1, 1), (2, 40), (4, 96)), 2, ((0, 465), (1, 240), (2, 240))), (1, 81, 1, 465, 1, 81)), (6, (10395, 3285, ((1, 2304), (7, 800), (12, 180), (331, 1)), ((1, 1), (2, 400), (4, 576)), 2, ((0, 3105), (1, 5130), (2, 2160))), (1, 801, 1, 3105, 1, 801)), (7, (135135, 62685, ((1, 46080), (3, 8064), (4, 3360), (7, 4480), (25, 280), (28, 420), (1303, 1)), ((1, 1), (2, 2380), (3, 15360), (4, 2016)), 2, ((0, 58905), (1, 51030), (2, 25200))), (1, 4761, 46081, 12825, 1, 50841)))
01 M01 OMD maximum_fibres=(1, 3, 7, 25, 81, 331, 1303)
02 M02 HUR signature=(225, 225, ((1, 225),), ((1, 15), (2, 45), (3, 40)), 0, ((0, 225),))
03 M03 OCP signature=(10395, 3105, ((1, 2944), (7, 160), (6331, 1)), ((1, 3105),), 1, ((0, 3105), (1, 7290)))
04 M04 OFL signature=(10395, 6331, ((1, 5760), (3, 480), (15, 80), (105, 10), (945, 1)), ((1, 6331),), 1, ((0, 6331), (1, 4064)))
05 R01 UWS signature=(512, 238, ((1, 136), (2, 39), (3, 12), (4, 40), (5, 6), (6, 3), (26, 1), (28, 1)), ((1, 51), (2, 38), (3, 2)), 5, ((0, 133), (1, 223), (2, 102), (3, 24), (4, 18), (5, 12)))
06 R02 UCN signature=(32768, 10729, ((1, 2970), (2, 4917), (3, 840), (4, 300), (5, 360), (6, 525), (7, 150), (8, 195), (10, 110), (12, 60), (14, 90), (15, 60), (16, 21), (19, 60), (22, 10), (34, 45), (40, 15), (878, 1)), ((1, 31), (2, 96)), 10, ((0, 223), (1, 1459), (2, 6396), (3, 9330), (4, 4560), (5, 3240), (6, 1440), (7, 1440), (8, 1080), (9, 1440), (10, 2160)))
07 R03 URF signature=(512, 233, ((1, 189), (4, 18), (5, 9), (8, 9), (10, 1), (13, 6), (46, 1)), ((1, 143),), 3, ((0, 143), (1, 225), (2, 108), (3, 36)))
08 R04 DOM signature=(4096, 466, ((1, 13), (2, 72), (3, 18), (4, 72), (6, 24), (7, 72), (10, 12), (11, 36), (12, 36), (13, 4), (14, 48), (16, 30), (18, 3), (20, 3), (21, 18), (33, 4), (173, 1)), ((1, 32), (2, 18)), 4, ((0, 68), (1, 808), (2, 1102), (3, 1326), (4, 792)))
09 S01 KUN signature=(1024, 483, ((1, 375), (3, 15), (5, 45), (6, 22), (7, 15), (9, 10), (52, 1)), ((1, 21), (2, 21)), 5, ((0, 63), (1, 201), (2, 275), (3, 225), (4, 200), (5, 60)))
10 S02 JEX signature=(1024, 253, ((1, 152), (3, 45), (5, 35), (12, 10), (18, 10), (262, 1)), ((1, 13), (3, 30)), 5, ((0, 103), (1, 441), (2, 230), (3, 25), (4, 165), (5, 60)))
11 S03 FTA signature=(128, 57, ((1, 35), (3, 14), (5, 7), (16, 1)), ((1, 1),), 4, ((0, 1), (1, 15), (2, 28), (3, 35), (4, 49)))
12 S04 PTA signature=(8192, 1626, ((1, 689), (2, 234), (4, 13), (5, 234), (6, 78), (8, 234), (9, 52), (10, 78), (112, 13), (769, 1)), ((1, 21), (2, 224)), 4, ((0, 469), (1, 1938), (2, 2132), (3, 1261), (4, 2392)))
13 S05 RMN signature=(512, 218, ((1, 161), (2, 15), (4, 6), (7, 18), (9, 9), (10, 9)), ((1, 17), (2, 24)), 4, ((0, 65), (1, 96), (2, 234), (3, 81), (4, 36)))
14 S06 TIN signature=(1024, 483, ((1, 375), (3, 15), (5, 45), (6, 22), (7, 15), (9, 10), (52, 1)), ((1, 21), (2, 21)), 5, ((0, 63), (1, 201), (2, 275), (3, 225), (4, 200), (5, 60)))
15 I01 KVE signature=(1056, 47, ((2, 16), (8, 10), (10, 5), (26, 10), (64, 5), (314, 1)), ((2, 6),), 3, ((0, 12), (1, 364), (2, 340), (3, 340)))
16 I02 BLM signature=(2048, 968, ((1, 704), (2, 50), (3, 30), (5, 60), (6, 74), (7, 30), (10, 20)), ((2, 64), (6, 10)), 5, ((0, 188), (1, 530), (2, 670), (3, 300), (4, 240), (5, 120)))
17 I03 FSC signature=(256, 114, ((1, 70), (3, 28), (5, 14), (16, 2)), ((2, 29),), 4, ((0, 58), (1, 30), (2, 112), (3, 14), (4, 42)))
18 I04 GPM signature=(576, 100, ((1, 44), (2, 12), (3, 19), (9, 9), (13, 1), (17, 9), (34, 6)), ((2, 32),), 3, ((0, 64), (1, 440), (2, 18), (3, 54)))
19 I05 CVP signature=(320, 89, ((1, 44), (2, 12), (3, 12), (6, 6), (9, 8), (10, 5), (14, 1), (44, 1)), ((2, 21), (4, 6)), 4, ((0, 66), (1, 110), (2, 22), (3, 110), (4, 12)))
20 I06 TAB signature=(80, 24, ((1, 4), (2, 8), (3, 5), (5, 6), (15, 1)), ((2, 5),), 3, ((0, 10), (1, 19), (2, 21), (3, 30)))
21 O01 PVT signature=(65536, 625, ((1, 256), (12, 256), (144, 96), (1728, 16), (20736, 1)), ((1, 625),), 1, ((0, 625), (1, 64911)))
22 O02 MCC signature=(65536, 625, ((1, 16), (4, 64), (6, 32), (16, 96), (24, 96), (36, 24), (64, 64), (96, 96), (144, 48), (216, 8), (256, 16), (384, 32), (576, 24), (864, 8), (1296, 1)), ((1, 625),), 1, ((0, 625), (1, 64911)))
23 O03 SOR signature=(65536, 625, ((1, 1), (3, 4), (4, 12), (9, 6), (12, 36), (16, 54), (27, 4), (36, 36), (48, 108), (64, 108), (81, 1), (108, 12), (144, 54), (192, 108), (256, 81)), ((1, 625),), 1, ((0, 625), (1, 64911)))
24 O04 RIN signature=(4096, 2401, ((1, 1296), (2, 864), (4, 216), (8, 24), (16, 1)), ((1, 81), (3, 405)), 2, ((0, 1296), (1, 1105), (2, 1695)))
25 H01 DDF signature=(1024, 36, ((12, 10), (20, 15), (28, 10), (324, 1)), ((1, 1),), 2, ((0, 1), (1, 323), (2, 700)))
26 H02 CDF signature=(1024, 66, ((8, 15), (12, 50), (304, 1)), ((1, 1),), 2, ((0, 1), (1, 303), (2, 720)))
DISTINCT_CONJUGACY_CLASSES 25
ASSERTIONS 5103540
DECISIONS 0_GREEN 0_AMBER 26_KILL
M01=KILL_GENERIC_PERMUTATION_SQUARE_ROOT_ENGINE
HOLD_EXTERNAL
STATUS PASS
