P166 ROUND5 SPARSE-CARRIER SCOUT — EXACT TRANSCRIPT
scope=7 literal systems / 7 carrier classes / HOLD_EXTERNAL

[XCT Boolean support XOR-centroid translation]
(0, 2, 2, (((0, 1), 2),), ((1, 2),))
(1, 4, 3, (((0, 1), 3), ((1, 1), 1)), ((1, 2), (2, 1)))
(2, 16, 10, (((0, 1), 10), ((1, 1), 6)), ((1, 8), (4, 2)))
(3, 256, 144, (((0, 1), 88), ((0, 2), 56), ((1, 1), 112)), ((1, 128), (8, 16)))
(4, 65536, 34816, (((0, 1), 6016), ((0, 2), 28800), ((1, 1), 30720)), ((1, 32768), (16, 2048)))
transition_sha256=81642c10e2a34dd1625c24a8880aa8d90d4c26a6931654da5ed8946d5326c6fd

[BND finite-topology boundary iteration]
(0, 1, 1, 1, 1, (((0, 1), 1),), ((1, 1),))
(1, 1, 2, 1, 2, (((0, 1), 1), ((1, 1), 1)), ((2, 1),))
(2, 4, 16, 6, 4, (((0, 1), 6), ((1, 1), 8), ((2, 1), 2)), ((2, 6), (4, 1)))
(3, 29, 232, 65, 8, (((0, 1), 65), ((1, 1), 137), ((2, 1), 30)), ((2, 37), (4, 27), (6, 7), (8, 1)))
(4, 355, 5680, 1175, 16, (((0, 1), 1175), ((1, 1), 3831), ((2, 1), 674)), ((2, 511), (4, 376), (6, 126), (8, 180), (10, 6), (12, 56), (14, 15), (16, 1)))
transition_sha256=4d4eecaad9481b768a6cbd4828a06de2144185ebfc4606695f81ae78e6c9085f

[ZAT pointed-quiver zero-triggered arrow transport]
((2, 0, 2), 4, 4, (((0, 1), 4),), ((1, 4),))
((2, 2, 0), 4, 4, (((0, 1), 4),), ((1, 4),))
((2, 1, 2), 32, 29, (((0, 1), 29), ((1, 1), 3)), ((1, 26), (2, 3)))
((2, 2, 1), 32, 26, (((0, 1), 26), ((1, 1), 6)), ((1, 20), (2, 6)))
((2, 2, 2), 256, 220, (((0, 1), 220), ((1, 1), 36)), ((1, 184), (2, 36)))
((3, 1, 2), 243, 227, (((0, 1), 227), ((1, 1), 16)), ((1, 211), (2, 16)))
((3, 2, 2), 6561, 5985, (((0, 1), 5985), ((1, 1), 576)), ((1, 5409), (2, 576)))
transition_sha256=f7126d4a21f9dcda0177f3f683cb4785ece8ddd728548a37228fe2a5229c44d4

[EOD complement-design exact-one feedback]
(2, 4, 4, (((0, 1), 2), ((0, 2), 2)), ((1, 4),))
(3, 8, 4, (((0, 1), 4), ((1, 1), 4)), ((2, 4),))
(4, 16, 11, (((0, 1), 7), ((1, 1), 5), ((2, 1), 4)), ((1, 10), (6, 1)))
(5, 32, 16, (((0, 1), 11), ((1, 1), 16), ((2, 1), 5)), ((1, 15), (17, 1)))
(6, 64, 22, (((0, 1), 16), ((1, 1), 42), ((2, 1), 6)), ((1, 21), (43, 1)))
(7, 128, 29, (((0, 1), 22), ((1, 1), 99), ((2, 1), 7)), ((1, 28), (100, 1)))
(8, 256, 37, (((0, 1), 29), ((1, 1), 219), ((2, 1), 8)), ((1, 36), (220, 1)))
(9, 512, 46, (((0, 1), 37), ((1, 1), 466), ((2, 1), 9)), ((1, 45), (467, 1)))
(10, 1024, 56, (((0, 1), 46), ((1, 1), 968), ((2, 1), 10)), ((1, 55), (969, 1)))
(11, 2048, 67, (((0, 1), 56), ((1, 1), 1981), ((2, 1), 11)), ((1, 66), (1982, 1)))
(12, 4096, 79, (((0, 1), 67), ((1, 1), 4017), ((2, 1), 12)), ((1, 78), (4018, 1)))
transition_sha256=7fc31d9b408e029dff544ef6f38796e303e7b656eb892b002dbf6d6511106815

[NIM capped two-pile canonical optimal move]
(0, 1, 1, (((0, 1), 1),), 1)
(1, 4, 2, (((0, 1), 2), ((1, 1), 2)), 3)
(2, 9, 3, (((0, 1), 3), ((1, 1), 6)), 5)
(3, 16, 4, (((0, 1), 4), ((1, 1), 12)), 7)
(4, 25, 5, (((0, 1), 5), ((1, 1), 20)), 9)
(5, 36, 6, (((0, 1), 6), ((1, 1), 30)), 11)
(6, 49, 7, (((0, 1), 7), ((1, 1), 42)), 13)
(7, 64, 8, (((0, 1), 8), ((1, 1), 56)), 15)
(8, 81, 9, (((0, 1), 9), ((1, 1), 72)), 17)
(9, 100, 10, (((0, 1), 10), ((1, 1), 90)), 19)
(10, 121, 11, (((0, 1), 11), ((1, 1), 110)), 21)
(15, 256, 16, (((0, 1), 16), ((1, 1), 240)), 31)
(20, 441, 21, (((0, 1), 21), ((1, 1), 420)), 41)
(25, 676, 26, (((0, 1), 26), ((1, 1), 650)), 51)
(30, 961, 31, (((0, 1), 31), ((1, 1), 930)), 61)
transition_sha256=9d1b958b12f0d15eebea3e68fc5f6999e68909ed130c17bad6947e851a495ded

[GSR signed-set global reorientation]
(0, 1, 1, (((0, 1), 1),), ((1, 1),))
(1, 3, 2, (((0, 1), 2), ((1, 1), 1)), ((1, 1), (2, 1)))
(2, 9, 7, (((0, 1), 5), ((0, 2), 2), ((1, 1), 2)), ((1, 5), (2, 2)))
(3, 27, 20, (((0, 1), 14), ((0, 2), 6), ((1, 1), 7)), ((1, 13), (2, 7)))
(4, 81, 61, (((0, 1), 41), ((0, 2), 20), ((1, 1), 20)), ((1, 41), (2, 20)))
(5, 243, 182, (((0, 1), 122), ((0, 2), 60), ((1, 1), 61)), ((1, 121), (2, 61)))
(6, 729, 547, (((0, 1), 365), ((0, 2), 182), ((1, 1), 182)), ((1, 365), (2, 182)))
(7, 2187, 1640, (((0, 1), 1094), ((0, 2), 546), ((1, 1), 547)), ((1, 1093), (2, 547)))
(8, 6561, 4921, (((0, 1), 3281), ((0, 2), 1640), ((1, 1), 1640)), ((1, 3281), (2, 1640)))
(9, 19683, 14762, (((0, 1), 9842), ((0, 2), 4920), ((1, 1), 4921)), ((1, 9841), (2, 4921)))
transition_sha256=a750302234f5bca47a9edf4cd2ece10d546e04fb3fd9fcd212033f8d897f60f6

[DLR Latin-square diagonal row feedback]
(1, 1, 1, 1, (((0, 1), 1),), ((1, 1),))
(2, 2, 0, 2, (((0, 1), 2),), ((1, 2),))
(3, 12, 6, 7, (((0, 1), 7), ((1, 1), 5)), ((1, 3), (2, 3), (3, 1)))
(4, 576, 48, 536, (((0, 1), 530), ((0, 3), 6), ((1, 1), 40)), ((1, 518), (3, 16), (5, 2)))
transition_sha256=0550b8328cad761bec69f3f4d5bc98c63c71b404d329cc5116cf9cda87dca749

DECISIONS
XCT=KILL_INTERNAL_P162_TRANSLATION_STABILIZER_FIBRE_ENGINE
BND=KILL_STANDARD_BOUNDARY_OPERATOR_PLUS_NO_TARGET_ATLAS
ZAT=KILL_GUARDED_ONE_STEP_PROJECTION
EOD=KILL_TRIVIAL_DESIGN_PLUS_THRESHOLD_NETWORK_COLLISION
NIM=KILL_DIRECT_BOUTON_STRATEGY_PLUS_IDEMPOTENT_PROJECTION
GSR=KILL_THIN_STATE_DEPENDENT_CENTRAL_INVOLUTION
DLR=KILL_NO_ALL_PARAMETER_SPINE_PLUS_LATIN_ACTION_OWNER_DENSITY
ROUND5=KILL_ALL
ASSERTIONS=296966
STATUS=PASS
