n=1 assertions=27 summary=(1, 2, 2, 2, 0, 1, ((0, 2),))
n=2 assertions=54 summary=(2, 4, 3, 3, 1, 2, ((0, 3), (1, 1)))
n=3 assertions=107 summary=(3, 8, 5, 4, 2, 3, ((0, 4), (1, 3), (2, 1)))
n=4 assertions=213 summary=(4, 16, 8, 5, 3, 4, ((0, 5), (1, 6), (2, 4), (3, 1)))
n=5 assertions=431 summary=(5, 32, 13, 6, 4, 6, ((0, 6), (1, 10), (2, 11), (3, 4), (4, 1)))
n=6 assertions=884 summary=(6, 64, 21, 7, 5, 10, ((0, 7), (1, 15), (2, 25), (3, 12), (4, 4), (5, 1)))
n=7 assertions=1834 summary=(7, 128, 34, 8, 6, 15, ((0, 8), (1, 21), (2, 51), (3, 31), (4, 12), (5, 4), (6, 1)))
n=8 assertions=3833 summary=(8, 256, 55, 9, 7, 21, ((0, 9), (1, 28), (2, 97), (3, 73), (4, 32), (5, 12), (6, 4), (7, 1)))
n=9 assertions=8046 summary=(9, 512, 89, 10, 8, 35, ((0, 10), (1, 36), (2, 176), (3, 162), (4, 79), (5, 32), (6, 12), (7, 4), (8, 1)))
n=10 assertions=16925 summary=(10, 1024, 144, 11, 9, 56, ((0, 11), (1, 45), (2, 309), (3, 345), (4, 185), (5, 80), (6, 32), (7, 12), (8, 4), (9, 1)))
n=11 assertions=35622 summary=(11, 2048, 233, 12, 10, 84, ((0, 12), (1, 55), (2, 530), (3, 713), (4, 418), (5, 191), (6, 80), (7, 32), (8, 12), (9, 4), (10, 1)))
n=12 assertions=74938 summary=(12, 4096, 377, 13, 11, 126, ((0, 13), (1, 66), (2, 894), (3, 1441), (4, 920), (5, 441), (6, 192), (7, 80), (8, 32), (9, 12), (10, 4), (11, 1)))
n=13 assertions=157480 summary=(13, 8192, 610, 14, 12, 210, ((0, 14), (1, 78), (2, 1490), (3, 2863), (4, 1985), (5, 994), (6, 447), (7, 192), (8, 80), (9, 32), (10, 12), (11, 4), (12, 1)))
n=14 assertions=330477 summary=(14, 16384, 987, 15, 13, 330, ((0, 15), (1, 91), (2, 2462), (3, 5613), (4, 4217), (5, 2200), (6, 1017), (7, 448), (8, 192), (9, 80), (10, 32), (11, 12), (12, 4), (13, 1)))
n=15 assertions=692432 summary=(15, 32768, 1597, 16, 14, 495, ((0, 16), (1, 105), (2, 4043), (3, 10889), (4, 8849), (5, 4800), (6, 2274), (7, 1023), (8, 448), (9, 192), (10, 80), (11, 32), (12, 12), (13, 4), (14, 1)))
n=16 assertions=1448462 summary=(16, 65536, 2584, 17, 15, 792, ((0, 17), (1, 120), (2, 6610), (3, 20946), (4, 18384), (5, 10353), (6, 5016), (7, 2297), (8, 1024), (9, 448), (10, 192), (11, 80), (12, 32), (13, 12), (14, 4), (15, 1)))
n=17 assertions=3025059 summary=(17, 131072, 4181, 18, 16, 1287, ((0, 18), (1, 136), (2, 10773), (3, 40015), (4, 37879), (5, 22121), (6, 10944), (7, 5090), (8, 2303), (9, 1024), (10, 448), (11, 192), (12, 80), (13, 32), (14, 12), (15, 4), (16, 1)))
n=18 assertions=6307772 summary=(18, 262144, 6765, 19, 17, 2002, ((0, 19), (1, 153), (2, 17519), (3, 76013), (4, 77509), (5, 46897), (6, 23664), (7, 11160), (8, 5113), (9, 2304), (10, 1024), (11, 448), (12, 192), (13, 80), (14, 32), (15, 12), (16, 4), (17, 1)))
exact_assertions=12104596
ranks=1..18
status=PASS
external_status=HOLD_EXTERNAL
