P166 REPLACEMENT DISCOVERY ROUND 3 — INDEPENDENT EXACT VERIFIER
lifecycle=HOLD_EXTERNAL
PLP rows: n,states,image,max_fibre,depth_hist
PLP (0, 1, 1, 1, ((0, 1),))
PLP (1, 1, 1, 1, ((0, 1),))
PLP (2, 2, 1, 2, ((0, 1), (1, 1)))
PLP (3, 6, 2, 4, ((0, 1), (1, 3), (2, 2)))
PLP (4, 24, 6, 10, ((0, 1), (1, 9), (2, 10), (3, 4)))
PLP (5, 120, 19, 26, ((0, 1), (1, 25), (2, 50), (3, 36), (4, 8)))
PLP (6, 720, 70, 76, ((0, 1), (1, 75), (2, 260), (3, 256), (4, 112), (5, 16)))
PLP (7, 5040, 314, 232, ((0, 1), (1, 231), (2, 1400), (3, 1872), (4, 1184), (5, 320), (6, 32)))
PLP (8, 40320, 1605, 764, ((0, 1), (1, 763), (2, 7812), (3, 14496), (4, 11712), (5, 4608), (6, 864), (7, 64)))
PLP transition_sha256=8a485a8a3865640fdd3d2a5a4f01a32b13528634acfef6a6cf5ed9b807ed7214
UZD displayed rows: modulus,cycles,max_depth,(zero_run,unit_run)
UZD (2, 1, 0, ((1, 1),))
UZD (3, 1, 1, ((1, 2),))
UZD (4, 2, 0, ((1, 1), (1, 1)))
UZD (5, 1, 3, ((1, 4),))
UZD (6, 2, 2, ((1, 1), (3, 1)))
UZD (7, 1, 5, ((1, 6),))
UZD (8, 4, 0, ((1, 1), (1, 1), (1, 1), (1, 1)))
UZD (9, 3, 1, ((1, 2), (1, 2), (1, 2)))
UZD (10, 4, 2, ((1, 1), (1, 1), (3, 1), (1, 1)))
UZD (11, 1, 9, ((1, 10),))
UZD (12, 4, 2, ((1, 1), (3, 1), (1, 1), (3, 1)))
UZD (13, 1, 11, ((1, 12),))
UZD (14, 6, 2, ((1, 1), (1, 1), (1, 1), (3, 1), (1, 1), (1, 1)))
UZD (15, 5, 1, ((1, 2), (1, 1), (2, 2), (2, 1), (1, 2)))
UZD (16, 8, 0, ((1, 1), (1, 1), (1, 1), (1, 1), (1, 1), (1, 1), (1, 1), (1, 1)))
UZD (17, 1, 15, ((1, 16),))
UZD (18, 6, 2, ((1, 1), (3, 1), (1, 1), (3, 1), (1, 1), (3, 1)))
UZD (19, 1, 17, ((1, 18),))
UZD (20, 8, 2, ((1, 1), (1, 1), (3, 1), (1, 1), (1, 1), (1, 1), (3, 1), (1, 1)))
UZD orbit_sha256=5c195f0ee77a50a07717c907bd20ede65e76dafe686c82fe38911a850cee9fd8
SCQ rows: n,automata,depth_hist,endpoint_block_hist
SCQ (1, 1, ((0, 1),), ((1, 1),))
SCQ (2, 16, ((0, 4), (1, 12)), ((1, 12), (2, 4)))
SCQ (3, 729, ((0, 36), (1, 609), (2, 84)), ((1, 597), (2, 96), (3, 36)))
SCQ (4, 65536, ((0, 576), (1, 54496), (2, 10032), (3, 432)), ((1, 57856), (2, 5664), (3, 1440), (4, 576)))
SCQ trajectory_sha256=9e5d3221bf70227cba34b4c20e5fbafb33b0ffdeb43eaade865f4f1dfc59971c
RHR rows: n,trees,image,max_fibre,max_tail,max_period,shape_hist
RHR (0, 1, 1, 1, 0, 1, (((0, 1), 1),))
RHR (1, 1, 1, 1, 0, 1, (((0, 1), 1),))
RHR (2, 2, 2, 1, 0, 1, (((0, 1), 2),))
RHR (3, 5, 3, 3, 1, 2, (((0, 1), 1), ((0, 2), 2), ((1, 1), 2)))
RHR (4, 14, 8, 3, 1, 2, (((0, 1), 4), ((0, 2), 4), ((1, 1), 6)))
RHR (5, 42, 28, 3, 2, 2, (((0, 1), 4), ((0, 2), 20), ((1, 1), 8), ((1, 2), 6), ((2, 1), 4)))
RHR (6, 132, 86, 3, 2, 2, (((0, 1), 20), ((0, 2), 52), ((1, 1), 32), ((1, 2), 14), ((2, 1), 14)))
RHR (7, 429, 297, 3, 3, 2, (((0, 1), 25), ((0, 2), 214), ((1, 1), 50), ((1, 2), 82), ((2, 1), 30), ((2, 2), 18), ((3, 1), 10)))
RHR (8, 1430, 976, 3, 3, 2, (((0, 1), 140), ((0, 2), 628), ((1, 1), 230), ((1, 2), 224), ((2, 1), 124), ((2, 2), 46), ((3, 1), 38)))
RHR (9, 4862, 3432, 3, 4, 2, (((0, 1), 196), ((0, 2), 2468), ((1, 1), 392), ((1, 2), 1038), ((2, 1), 252), ((2, 2), 320), ((3, 1), 112), ((3, 2), 56), ((4, 1), 28)))
RHR (10, 16796, 11738, 3, 4, 2, (((0, 1), 1176), ((0, 2), 7764), ((1, 1), 1960), ((1, 2), 3098), ((2, 1), 1148), ((2, 2), 910), ((3, 1), 476), ((3, 2), 152), ((4, 1), 112)))
RHR (11, 58786, 41990, 3, 5, 2, (((0, 1), 1764), ((0, 2), 30064), ((1, 1), 3528), ((1, 2), 13268), ((2, 1), 2352), ((2, 2), 4720), ((3, 1), 1176), ((3, 2), 1230), ((4, 1), 420), ((4, 2), 180), ((5, 1), 84)))
RHR transition_sha256=bfec942d39fc3d5d944eef61016ef694cf73ea25ba28e55a6efd3dc51e2e29f0
RMR rows: pairs,matchings,profiles,image,max_accepted,deepest_count,E_one_cycle,max_E
RMR (1, 1, 1, 1, 0, 1, '0', '0')
RMR (2, 3, 2, 1, 1, 2, '1', '1')
RMR (3, 15, 3, 7, 2, 8, '5/2', '5/2')
RMR (4, 105, 5, 45, 3, 48, '13/3', '13/3')
RMR (5, 945, 7, 401, 4, 384, '77/12', '77/12')
RMR (6, 10395, 11, 4355, 5, 3840, '87/10', '87/10')
RMR marked_transition_sha256=3a95facdade8e95d3170ddebd2865961ab69182cf9f0f37f9e353066a11db2e3
OST rows: vertices,trees,depth_hist
OST (1, 1, ((0, 1),))
OST (2, 1, ((1, 1),))
OST (3, 2, ((1, 1), (2, 1)))
OST (4, 5, ((1, 2), (2, 3)))
OST (5, 14, ((1, 3), (2, 8), (3, 3)))
OST (6, 42, ((1, 7), (2, 26), (3, 9)))
OST (7, 132, ((1, 12), (2, 70), (3, 50)))
OST (8, 429, ((1, 30), (2, 234), (3, 165)))
OST (9, 1430, ((1, 55), (2, 652), (3, 660), (4, 63)))
OST (10, 4862, ((1, 143), (2, 2225), (3, 2305), (4, 189)))
OST (11, 16796, ((1, 273), (2, 6361), (3, 8452), (4, 1710)))
OST sharp rows: height,minimal_vertices,minimal_sources
OST_SHARP (1, 2, 1)
OST_SHARP (2, 3, 1)
OST_SHARP (3, 5, 3)
OST_SHARP (4, 9, 63)
OST checked_minimal_targets=23785
OST transition_sha256=42066636ac690fb1a4d95dba0ccd844f3852df574cfaa98b193ae98e47eb8996
assertions=2515415
