record-block reversal fibre verifier: PASS
assertions=1636476
n states fixed image maximum_fibre
0 1 1 1 1
1 1 1 1 1
2 2 1 1 2
3 6 3 4 3
4 24 9 12 6
5 120 45 60 10
6 720 225 320 19
7 5040 1575 2160 33
8 40320 11025 15960 61
9 362880 99225 138880 108
record-block image automaton: PASS
assertions=551
literal_n0_to_n9 [1, 1, 1, 4, 12, 60, 320, 2160, 15960, 138880]
image_n0_to_n30 [1, 1, 1, 4, 12, 60, 320, 2160, 15960, 138880, 1304640, 13935600, 158787200, 2011711680, 26944756800, 395030796160, 6080858380800, 101274132710400, 1761441856133120, 32850627273907200, 637048868184483840, 13152586269415321600, 281357788092524236800, 6370811433571110113280, 149022249427141416550400, 3671997410358326161244160, 93235836516427515998208000, 2483662778860553925566464000, 68029299416603661195935416320, 1948135353224997969822892032000, 57256525302716942678659526819840]
garden_n0_to_n15 [0, 0, 1, 2, 12, 60, 400, 2880, 24360, 224000, 2324160, 25981200, 320214400, 4215309120, 60233534400, 912643571840]
combined_assertions=1637027
