INDEPENDENT_FIXED_BOX n=1..6 N=0..4; one_run; no_author_import
TARGET [[0],[0],0,[0],[[0]]]
CARRIER 1 0 1 height 0 image 1 max_fibre 1
TARGET [[1],[1],0,[1],[[1]]]
CARRIER 1 1 1 height 0 image 1 max_fibre 1
TARGET [[2],[2],0,[2],[[2]]]
CARRIER 1 2 1 height 0 image 1 max_fibre 1
TARGET [[3],[3],0,[3],[[3]]]
CARRIER 1 3 1 height 0 image 1 max_fibre 1
TARGET [[4],[4],0,[4],[[4]]]
CARRIER 1 4 1 height 0 image 1 max_fibre 1
TARGET [[0,0],[0,0],0,[0,0],[[0,0]]]
CARRIER 2 0 1 height 0 image 1 max_fibre 1
TARGET [[0,1],[0,1],0,[0,1],[[0,1]]]
TARGET [[1,0],[1,0],0,[1,0],[[1,0]]]
CARRIER 2 1 2 height 0 image 2 max_fibre 1
TARGET [[0,2],[0,2],0,[0,2],[[0,2]]]
TARGET [[1,1],[1,1],0,[1,1],[[1,1]]]
TARGET [[2,0],[2,0],0,[2,0],[[2,0]]]
CARRIER 2 2 3 height 0 image 3 max_fibre 1
TARGET [[0,3],[0,3],0,[0,3],[[0,3]]]
TARGET [[1,2],[1,2],0,[1,2],[[1,2]]]
TARGET [[2,1],[2,1],0,[2,1],[[2,1]]]
TARGET [[3,0],[3,0],0,[3,0],[[3,0]]]
CARRIER 2 3 4 height 0 image 4 max_fibre 1
TARGET [[0,4],[0,4],0,[0,4],[[0,4]]]
TARGET [[1,3],[1,3],0,[1,3],[[1,3]]]
TARGET [[2,2],[2,2],0,[2,2],[[2,2]]]
TARGET [[3,1],[3,1],0,[3,1],[[3,1]]]
TARGET [[4,0],[4,0],0,[4,0],[[4,0]]]
CARRIER 2 4 5 height 0 image 5 max_fibre 1
TARGET [[0,0,0],[0,0,0],0,[0,0,0],[[0,0,0]]]
CARRIER 3 0 1 height 0 image 1 max_fibre 1
TARGET [[0,0,1],[0,0,1],0,[0,0,1],[[0,0,1]]]
TARGET [[0,1,0],[0,1,0],0,[0,1,0],[[0,1,0]]]
TARGET [[1,0,0],[1,0,0],0,[1,0,0],[[1,0,0]]]
CARRIER 3 1 3 height 0 image 3 max_fibre 1
TARGET [[0,0,2],[0,0,2],0,[0,0,2],[[0,0,2],[0,1,1]]]
TARGET [[0,1,1],[0,0,2],1,[0,0,2],[]]
TARGET [[0,2,0],[0,2,0],0,[0,2,0],[[0,2,0],[1,1,0]]]
TARGET [[1,0,1],[2,0,0],1,[2,0,0],[]]
TARGET [[1,1,0],[0,2,0],1,[0,2,0],[]]
TARGET [[2,0,0],[2,0,0],0,[2,0,0],[[1,0,1],[2,0,0]]]
CARRIER 3 2 6 height 1 image 3 max_fibre 2
TARGET [[0,0,3],[0,0,3],0,[0,0,3],[[0,0,3],[0,1,2]]]
TARGET [[0,1,2],[0,0,3],1,[0,0,3],[[0,2,1]]]
TARGET [[0,2,1],[0,1,2],2,[0,0,3],[]]
TARGET [[0,3,0],[0,3,0],0,[0,3,0],[[0,3,0],[1,2,0]]]
TARGET [[1,0,2],[2,0,1],2,[3,0,0],[]]
TARGET [[1,1,1],[1,1,1],0,[1,1,1],[[1,1,1]]]
TARGET [[1,2,0],[0,3,0],1,[0,3,0],[[2,1,0]]]
TARGET [[2,0,1],[3,0,0],1,[3,0,0],[[1,0,2]]]
TARGET [[2,1,0],[1,2,0],2,[0,3,0],[]]
TARGET [[3,0,0],[3,0,0],0,[3,0,0],[[2,0,1],[3,0,0]]]
CARRIER 3 3 10 height 2 image 7 max_fibre 2
TARGET [[0,0,4],[0,0,4],0,[0,0,4],[[0,0,4],[0,1,3],[0,2,2]]]
TARGET [[0,1,3],[0,0,4],1,[0,0,4],[]]
TARGET [[0,2,2],[0,0,4],1,[0,0,4],[[0,3,1]]]
TARGET [[0,3,1],[0,2,2],2,[0,0,4],[]]
TARGET [[0,4,0],[0,4,0],0,[0,4,0],[[0,4,0],[1,3,0],[2,2,0]]]
TARGET [[1,0,3],[2,0,2],2,[4,0,0],[]]
TARGET [[1,1,2],[1,1,2],0,[1,1,2],[[1,1,2]]]
TARGET [[1,2,1],[1,2,1],0,[1,2,1],[[1,2,1]]]
TARGET [[1,3,0],[0,4,0],1,[0,4,0],[]]
TARGET [[2,0,2],[4,0,0],1,[4,0,0],[[1,0,3]]]
TARGET [[2,1,1],[2,1,1],0,[2,1,1],[[2,1,1]]]
TARGET [[2,2,0],[0,4,0],1,[0,4,0],[[3,1,0]]]
TARGET [[3,0,1],[4,0,0],1,[4,0,0],[]]
TARGET [[3,1,0],[2,2,0],2,[0,4,0],[]]
TARGET [[4,0,0],[4,0,0],0,[4,0,0],[[2,0,2],[3,0,1],[4,0,0]]]
CARRIER 3 4 15 height 2 image 9 max_fibre 3
TARGET [[0,0,0,0],[0,0,0,0],0,[0,0,0,0],[[0,0,0,0]]]
CARRIER 4 0 1 height 0 image 1 max_fibre 1
TARGET [[0,0,0,1],[0,0,0,1],0,[0,0,0,1],[[0,0,0,1]]]
TARGET [[0,0,1,0],[0,0,1,0],0,[0,0,1,0],[[0,0,1,0]]]
TARGET [[0,1,0,0],[0,1,0,0],0,[0,1,0,0],[[0,1,0,0]]]
TARGET [[1,0,0,0],[1,0,0,0],0,[1,0,0,0],[[1,0,0,0]]]
CARRIER 4 1 4 height 0 image 4 max_fibre 1
TARGET [[0,0,0,2],[0,0,0,2],0,[0,0,0,2],[[0,0,0,2],[0,0,1,1]]]
TARGET [[0,0,1,1],[0,0,0,2],1,[0,0,0,2],[]]
TARGET [[0,0,2,0],[0,0,2,0],0,[0,0,2,0],[[0,0,2,0],[0,1,1,0]]]
TARGET [[0,1,0,1],[0,1,0,1],0,[0,1,0,1],[[0,1,0,1]]]
TARGET [[0,1,1,0],[0,0,2,0],1,[0,0,2,0],[]]
TARGET [[0,2,0,0],[0,2,0,0],0,[0,2,0,0],[[0,2,0,0],[1,1,0,0]]]
TARGET [[1,0,0,1],[2,0,0,0],1,[2,0,0,0],[]]
TARGET [[1,0,1,0],[1,0,1,0],0,[1,0,1,0],[[1,0,1,0]]]
TARGET [[1,1,0,0],[0,2,0,0],1,[0,2,0,0],[]]
TARGET [[2,0,0,0],[2,0,0,0],0,[2,0,0,0],[[1,0,0,1],[2,0,0,0]]]
CARRIER 4 2 10 height 1 image 6 max_fibre 2
TARGET [[0,0,0,3],[0,0,0,3],0,[0,0,0,3],[[0,0,0,3],[0,0,1,2]]]
TARGET [[0,0,1,2],[0,0,0,3],1,[0,0,0,3],[[0,0,2,1],[0,1,1,1]]]
TARGET [[0,0,2,1],[0,0,1,2],2,[0,0,0,3],[]]
TARGET [[0,0,3,0],[0,0,3,0],0,[0,0,3,0],[[0,0,3,0],[0,1,2,0]]]
TARGET [[0,1,0,2],[0,1,0,2],0,[0,1,0,2],[[0,1,0,2]]]
TARGET [[0,1,1,1],[0,0,1,2],2,[0,0,0,3],[]]
TARGET [[0,1,2,0],[0,0,3,0],1,[0,0,3,0],[[0,2,1,0],[1,1,1,0]]]
TARGET [[0,2,0,1],[0,2,0,1],0,[0,2,0,1],[[0,2,0,1]]]
TARGET [[0,2,1,0],[0,1,2,0],2,[0,0,3,0],[]]
TARGET [[0,3,0,0],[0,3,0,0],0,[0,3,0,0],[[0,3,0,0],[1,2,0,0]]]
TARGET [[1,0,0,2],[2,0,0,1],2,[3,0,0,0],[]]
TARGET [[1,0,1,1],[2,0,0,1],2,[3,0,0,0],[]]
TARGET [[1,0,2,0],[1,0,2,0],0,[1,0,2,0],[[1,0,2,0]]]
TARGET [[1,1,0,1],[1,2,0,0],2,[0,3,0,0],[]]
TARGET [[1,1,1,0],[0,1,2,0],2,[0,0,3,0],[]]
TARGET [[1,2,0,0],[0,3,0,0],1,[0,3,0,0],[[1,1,0,1],[2,1,0,0]]]
TARGET [[2,0,0,1],[3,0,0,0],1,[3,0,0,0],[[1,0,0,2],[1,0,1,1]]]
TARGET [[2,0,1,0],[2,0,1,0],0,[2,0,1,0],[[2,0,1,0]]]
TARGET [[2,1,0,0],[1,2,0,0],2,[0,3,0,0],[]]
TARGET [[3,0,0,0],[3,0,0,0],0,[3,0,0,0],[[2,0,0,1],[3,0,0,0]]]
CARRIER 4 3 20 height 2 image 12 max_fibre 2
TARGET [[0,0,0,4],[0,0,0,4],0,[0,0,0,4],[[0,0,0,4],[0,0,1,3],[0,0,2,2]]]
TARGET [[0,0,1,3],[0,0,0,4],1,[0,0,0,4],[[0,1,1,2]]]
TARGET [[0,0,2,2],[0,0,0,4],1,[0,0,0,4],[[0,0,3,1],[0,1,2,1]]]
TARGET [[0,0,3,1],[0,0,2,2],2,[0,0,0,4],[]]
TARGET [[0,0,4,0],[0,0,4,0],0,[0,0,4,0],[[0,0,4,0],[0,1,3,0],[0,2,2,0]]]
TARGET [[0,1,0,3],[0,1,0,3],0,[0,1,0,3],[[0,1,0,3]]]
TARGET [[0,1,1,2],[0,0,1,3],2,[0,0,0,4],[[0,2,1,1]]]
TARGET [[0,1,2,1],[0,0,2,2],2,[0,0,0,4],[]]
TARGET [[0,1,3,0],[0,0,4,0],1,[0,0,4,0],[[1,1,2,0]]]
TARGET [[0,2,0,2],[0,2,0,2],0,[0,2,0,2],[[0,2,0,2]]]
TARGET [[0,2,1,1],[0,1,1,2],3,[0,0,0,4],[]]
TARGET [[0,2,2,0],[0,0,4,0],1,[0,0,4,0],[[0,3,1,0],[1,2,1,0]]]
TARGET [[0,3,0,1],[0,3,0,1],0,[0,3,0,1],[[0,3,0,1]]]
TARGET [[0,3,1,0],[0,2,2,0],2,[0,0,4,0],[]]
TARGET [[0,4,0,0],[0,4,0,0],0,[0,4,0,0],[[0,4,0,0],[1,3,0,0],[2,2,0,0]]]
TARGET [[1,0,0,3],[2,0,0,2],2,[4,0,0,0],[]]
TARGET [[1,0,1,2],[2,0,0,2],2,[4,0,0,0],[]]
TARGET [[1,0,2,1],[2,0,1,1],3,[4,0,0,0],[]]
TARGET [[1,0,3,0],[1,0,3,0],0,[1,0,3,0],[[1,0,3,0]]]
TARGET [[1,1,0,2],[1,2,0,1],3,[0,4,0,0],[]]
TARGET [[1,1,1,1],[1,1,1,1],0,[1,1,1,1],[[1,1,1,1]]]
TARGET [[1,1,2,0],[0,1,3,0],2,[0,0,4,0],[[2,1,1,0]]]
TARGET [[1,2,0,1],[1,3,0,0],2,[0,4,0,0],[[1,1,0,2]]]
TARGET [[1,2,1,0],[0,2,2,0],2,[0,0,4,0],[]]
TARGET [[1,3,0,0],[0,4,0,0],1,[0,4,0,0],[[1,2,0,1]]]
TARGET [[2,0,0,2],[4,0,0,0],1,[4,0,0,0],[[1,0,0,3],[1,0,1,2]]]
TARGET [[2,0,1,1],[3,0,0,1],2,[4,0,0,0],[[1,0,2,1]]]
TARGET [[2,0,2,0],[2,0,2,0],0,[2,0,2,0],[[2,0,2,0]]]
TARGET [[2,1,0,1],[2,2,0,0],2,[0,4,0,0],[]]
TARGET [[2,1,1,0],[1,1,2,0],3,[0,0,4,0],[]]
TARGET [[2,2,0,0],[0,4,0,0],1,[0,4,0,0],[[2,1,0,1],[3,1,0,0]]]
TARGET [[3,0,0,1],[4,0,0,0],1,[4,0,0,0],[[2,0,1,1]]]
TARGET [[3,0,1,0],[3,0,1,0],0,[3,0,1,0],[[3,0,1,0]]]
TARGET [[3,1,0,0],[2,2,0,0],2,[0,4,0,0],[]]
TARGET [[4,0,0,0],[4,0,0,0],0,[4,0,0,0],[[2,0,0,2],[3,0,0,1],[4,0,0,0]]]
CARRIER 4 4 35 height 3 image 23 max_fibre 3
TARGET [[0,0,0,0,0],[0,0,0,0,0],0,[0,0,0,0,0],[[0,0,0,0,0]]]
CARRIER 5 0 1 height 0 image 1 max_fibre 1
TARGET [[0,0,0,0,1],[0,0,0,0,1],0,[0,0,0,0,1],[[0,0,0,0,1]]]
TARGET [[0,0,0,1,0],[0,0,0,1,0],0,[0,0,0,1,0],[[0,0,0,1,0]]]
TARGET [[0,0,1,0,0],[0,0,1,0,0],0,[0,0,1,0,0],[[0,0,1,0,0]]]
TARGET [[0,1,0,0,0],[0,1,0,0,0],0,[0,1,0,0,0],[[0,1,0,0,0]]]
TARGET [[1,0,0,0,0],[1,0,0,0,0],0,[1,0,0,0,0],[[1,0,0,0,0]]]
CARRIER 5 1 5 height 0 image 5 max_fibre 1
TARGET [[0,0,0,0,2],[0,0,0,0,2],0,[0,0,0,0,2],[[0,0,0,0,2],[0,0,0,1,1]]]
TARGET [[0,0,0,1,1],[0,0,0,0,2],1,[0,0,0,0,2],[]]
TARGET [[0,0,0,2,0],[0,0,0,2,0],0,[0,0,0,2,0],[[0,0,0,2,0],[0,0,1,1,0]]]
TARGET [[0,0,1,0,1],[0,0,1,0,1],0,[0,0,1,0,1],[[0,0,1,0,1]]]
TARGET [[0,0,1,1,0],[0,0,0,2,0],1,[0,0,0,2,0],[]]
TARGET [[0,0,2,0,0],[0,0,2,0,0],0,[0,0,2,0,0],[[0,0,2,0,0],[0,1,1,0,0]]]
TARGET [[0,1,0,0,1],[0,1,0,0,1],0,[0,1,0,0,1],[[0,1,0,0,1]]]
TARGET [[0,1,0,1,0],[0,1,0,1,0],0,[0,1,0,1,0],[[0,1,0,1,0]]]
TARGET [[0,1,1,0,0],[0,0,2,0,0],1,[0,0,2,0,0],[]]
TARGET [[0,2,0,0,0],[0,2,0,0,0],0,[0,2,0,0,0],[[0,2,0,0,0],[1,1,0,0,0]]]
TARGET [[1,0,0,0,1],[2,0,0,0,0],1,[2,0,0,0,0],[]]
TARGET [[1,0,0,1,0],[1,0,0,1,0],0,[1,0,0,1,0],[[1,0,0,1,0]]]
TARGET [[1,0,1,0,0],[1,0,1,0,0],0,[1,0,1,0,0],[[1,0,1,0,0]]]
TARGET [[1,1,0,0,0],[0,2,0,0,0],1,[0,2,0,0,0],[]]
TARGET [[2,0,0,0,0],[2,0,0,0,0],0,[2,0,0,0,0],[[1,0,0,0,1],[2,0,0,0,0]]]
CARRIER 5 2 15 height 1 image 10 max_fibre 2
TARGET [[0,0,0,0,3],[0,0,0,0,3],0,[0,0,0,0,3],[[0,0,0,0,3],[0,0,0,1,2]]]
TARGET [[0,0,0,1,2],[0,0,0,0,3],1,[0,0,0,0,3],[[0,0,0,2,1],[0,0,1,1,1]]]
TARGET [[0,0,0,2,1],[0,0,0,1,2],2,[0,0,0,0,3],[]]
TARGET [[0,0,0,3,0],[0,0,0,3,0],0,[0,0,0,3,0],[[0,0,0,3,0],[0,0,1,2,0]]]
TARGET [[0,0,1,0,2],[0,0,1,0,2],0,[0,0,1,0,2],[[0,0,1,0,2]]]
TARGET [[0,0,1,1,1],[0,0,0,1,2],2,[0,0,0,0,3],[]]
TARGET [[0,0,1,2,0],[0,0,0,3,0],1,[0,0,0,3,0],[[0,0,2,1,0],[0,1,1,1,0]]]
TARGET [[0,0,2,0,1],[0,0,2,0,1],0,[0,0,2,0,1],[[0,0,2,0,1],[0,1,1,0,1]]]
TARGET [[0,0,2,1,0],[0,0,1,2,0],2,[0,0,0,3,0],[]]
TARGET [[0,0,3,0,0],[0,0,3,0,0],0,[0,0,3,0,0],[[0,0,3,0,0],[0,1,2,0,0]]]
TARGET [[0,1,0,0,2],[0,1,0,0,2],0,[0,1,0,0,2],[[0,1,0,0,2],[0,1,0,1,1]]]
TARGET [[0,1,0,1,1],[0,1,0,0,2],1,[0,1,0,0,2],[]]
TARGET [[0,1,0,2,0],[0,1,0,2,0],0,[0,1,0,2,0],[[0,1,0,2,0]]]
TARGET [[0,1,1,0,1],[0,0,2,0,1],1,[0,0,2,0,1],[]]
TARGET [[0,1,1,1,0],[0,0,1,2,0],2,[0,0,0,3,0],[]]
TARGET [[0,1,2,0,0],[0,0,3,0,0],1,[0,0,3,0,0],[[0,2,1,0,0],[1,1,1,0,0]]]
TARGET [[0,2,0,0,1],[0,2,0,0,1],0,[0,2,0,0,1],[[0,2,0,0,1]]]
TARGET [[0,2,0,1,0],[0,2,0,1,0],0,[0,2,0,1,0],[[0,2,0,1,0],[1,1,0,1,0]]]
TARGET [[0,2,1,0,0],[0,1,2,0,0],2,[0,0,3,0,0],[]]
TARGET [[0,3,0,0,0],[0,3,0,0,0],0,[0,3,0,0,0],[[0,3,0,0,0],[1,2,0,0,0]]]
TARGET [[1,0,0,0,2],[2,0,0,0,1],2,[3,0,0,0,0],[]]
TARGET [[1,0,0,1,1],[2,0,0,0,1],2,[3,0,0,0,0],[]]
TARGET [[1,0,0,2,0],[1,0,0,2,0],0,[1,0,0,2,0],[[1,0,0,2,0],[1,0,1,1,0]]]
TARGET [[1,0,1,0,1],[2,0,1,0,0],1,[2,0,1,0,0],[]]
TARGET [[1,0,1,1,0],[1,0,0,2,0],1,[1,0,0,2,0],[]]
TARGET [[1,0,2,0,0],[1,0,2,0,0],0,[1,0,2,0,0],[[1,0,2,0,0]]]
TARGET [[1,1,0,0,1],[1,2,0,0,0],2,[0,3,0,0,0],[]]
TARGET [[1,1,0,1,0],[0,2,0,1,0],1,[0,2,0,1,0],[]]
TARGET [[1,1,1,0,0],[0,1,2,0,0],2,[0,0,3,0,0],[]]
TARGET [[1,2,0,0,0],[0,3,0,0,0],1,[0,3,0,0,0],[[1,1,0,0,1],[2,1,0,0,0]]]
TARGET [[2,0,0,0,1],[3,0,0,0,0],1,[3,0,0,0,0],[[1,0,0,0,2],[1,0,0,1,1]]]
TARGET [[2,0,0,1,0],[2,0,0,1,0],0,[2,0,0,1,0],[[2,0,0,1,0]]]
TARGET [[2,0,1,0,0],[2,0,1,0,0],0,[2,0,1,0,0],[[1,0,1,0,1],[2,0,1,0,0]]]
TARGET [[2,1,0,0,0],[1,2,0,0,0],2,[0,3,0,0,0],[]]
TARGET [[3,0,0,0,0],[3,0,0,0,0],0,[3,0,0,0,0],[[2,0,0,0,1],[3,0,0,0,0]]]
CARRIER 5 3 35 height 2 image 20 max_fibre 2
TARGET [[0,0,0,0,4],[0,0,0,0,4],0,[0,0,0,0,4],[[0,0,0,0,4],[0,0,0,1,3],[0,0,0,2,2]]]
TARGET [[0,0,0,1,3],[0,0,0,0,4],1,[0,0,0,0,4],[[0,0,1,1,2]]]
TARGET [[0,0,0,2,2],[0,0,0,0,4],1,[0,0,0,0,4],[[0,0,0,3,1],[0,0,1,2,1]]]
TARGET [[0,0,0,3,1],[0,0,0,2,2],2,[0,0,0,0,4],[]]
TARGET [[0,0,0,4,0],[0,0,0,4,0],0,[0,0,0,4,0],[[0,0,0,4,0],[0,0,1,3,0],[0,0,2,2,0]]]
TARGET [[0,0,1,0,3],[0,0,1,0,3],0,[0,0,1,0,3],[[0,0,1,0,3]]]
TARGET [[0,0,1,1,2],[0,0,0,1,3],2,[0,0,0,0,4],[[0,0,2,1,1],[0,1,1,1,1]]]
TARGET [[0,0,1,2,1],[0,0,0,2,2],2,[0,0,0,0,4],[]]
TARGET [[0,0,1,3,0],[0,0,0,4,0],1,[0,0,0,4,0],[[0,1,1,2,0]]]
TARGET [[0,0,2,0,2],[0,0,2,0,2],0,[0,0,2,0,2],[[0,0,2,0,2],[0,1,1,0,2]]]
TARGET [[0,0,2,1,1],[0,0,1,1,2],3,[0,0,0,0,4],[]]
TARGET [[0,0,2,2,0],[0,0,0,4,0],1,[0,0,0,4,0],[[0,0,3,1,0],[0,1,2,1,0]]]
TARGET [[0,0,3,0,1],[0,0,3,0,1],0,[0,0,3,0,1],[[0,0,3,0,1],[0,1,2,0,1]]]
TARGET [[0,0,3,1,0],[0,0,2,2,0],2,[0,0,0,4,0],[]]
TARGET [[0,0,4,0,0],[0,0,4,0,0],0,[0,0,4,0,0],[[0,0,4,0,0],[0,1,3,0,0],[0,2,2,0,0]]]
TARGET [[0,1,0,0,3],[0,1,0,0,3],0,[0,1,0,0,3],[[0,1,0,0,3],[0,1,0,1,2]]]
TARGET [[0,1,0,1,2],[0,1,0,0,3],1,[0,1,0,0,3],[[0,1,0,2,1]]]
TARGET [[0,1,0,2,1],[0,1,0,1,2],2,[0,1,0,0,3],[]]
TARGET [[0,1,0,3,0],[0,1,0,3,0],0,[0,1,0,3,0],[[0,1,0,3,0]]]
TARGET [[0,1,1,0,2],[0,0,2,0,2],1,[0,0,2,0,2],[]]
TARGET [[0,1,1,1,1],[0,0,1,1,2],3,[0,0,0,0,4],[]]
TARGET [[0,1,1,2,0],[0,0,1,3,0],2,[0,0,0,4,0],[[0,2,1,1,0],[1,1,1,1,0]]]
TARGET [[0,1,2,0,1],[0,0,3,0,1],1,[0,0,3,0,1],[[0,2,1,0,1]]]
TARGET [[0,1,2,1,0],[0,0,2,2,0],2,[0,0,0,4,0],[]]
TARGET [[0,1,3,0,0],[0,0,4,0,0],1,[0,0,4,0,0],[[1,1,2,0,0]]]
TARGET [[0,2,0,0,2],[0,2,0,0,2],0,[0,2,0,0,2],[[0,2,0,0,2],[0,2,0,1,1]]]
TARGET [[0,2,0,1,1],[0,2,0,0,2],1,[0,2,0,0,2],[]]
TARGET [[0,2,0,2,0],[0,2,0,2,0],0,[0,2,0,2,0],[[0,2,0,2,0],[1,1,0,2,0]]]
TARGET [[0,2,1,0,1],[0,1,2,0,1],2,[0,0,3,0,1],[]]
TARGET [[0,2,1,1,0],[0,1,1,2,0],3,[0,0,0,4,0],[]]
TARGET [[0,2,2,0,0],[0,0,4,0,0],1,[0,0,4,0,0],[[0,3,1,0,0],[1,2,1,0,0]]]
TARGET [[0,3,0,0,1],[0,3,0,0,1],0,[0,3,0,0,1],[[0,3,0,0,1]]]
TARGET [[0,3,0,1,0],[0,3,0,1,0],0,[0,3,0,1,0],[[0,3,0,1,0],[1,2,0,1,0]]]
TARGET [[0,3,1,0,0],[0,2,2,0,0],2,[0,0,4,0,0],[]]
TARGET [[0,4,0,0,0],[0,4,0,0,0],0,[0,4,0,0,0],[[0,4,0,0,0],[1,3,0,0,0],[2,2,0,0,0]]]
TARGET [[1,0,0,0,3],[2,0,0,0,2],2,[4,0,0,0,0],[]]
TARGET [[1,0,0,1,2],[2,0,0,0,2],2,[4,0,0,0,0],[]]
TARGET [[1,0,0,2,1],[2,0,0,1,1],3,[4,0,0,0,0],[]]
TARGET [[1,0,0,3,0],[1,0,0,3,0],0,[1,0,0,3,0],[[1,0,0,3,0],[1,0,1,2,0]]]
TARGET [[1,0,1,0,2],[2,0,1,0,1],2,[3,0,1,0,0],[]]
TARGET [[1,0,1,1,1],[2,0,0,1,1],3,[4,0,0,0,0],[]]
TARGET [[1,0,1,2,0],[1,0,0,3,0],1,[1,0,0,3,0],[[1,0,2,1,0]]]
TARGET [[1,0,2,0,1],[2,0,2,0,0],1,[2,0,2,0,0],[]]
TARGET [[1,0,2,1,0],[1,0,1,2,0],2,[1,0,0,3,0],[]]
TARGET [[1,0,3,0,0],[1,0,3,0,0],0,[1,0,3,0,0],[[1,0,3,0,0]]]
TARGET [[1,1,0,0,2],[1,2,0,0,1],3,[0,4,0,0,0],[]]
TARGET [[1,1,0,1,1],[1,2,0,0,1],3,[0,4,0,0,0],[]]
TARGET [[1,1,0,2,0],[0,2,0,2,0],1,[0,2,0,2,0],[]]
TARGET [[1,1,1,0,1],[1,1,2,0,0],3,[0,0,4,0,0],[]]
TARGET [[1,1,1,1,0],[0,1,1,2,0],3,[0,0,0,4,0],[]]
TARGET [[1,1,2,0,0],[0,1,3,0,0],2,[0,0,4,0,0],[[1,1,1,0,1],[2,1,1,0,0]]]
TARGET [[1,2,0,0,1],[1,3,0,0,0],2,[0,4,0,0,0],[[1,1,0,0,2],[1,1,0,1,1]]]
TARGET [[1,2,0,1,0],[0,3,0,1,0],1,[0,3,0,1,0],[[2,1,0,1,0]]]
TARGET [[1,2,1,0,0],[0,2,2,0,0],2,[0,0,4,0,0],[]]
TARGET [[1,3,0,0,0],[0,4,0,0,0],1,[0,4,0,0,0],[[1,2,0,0,1]]]
TARGET [[2,0,0,0,2],[4,0,0,0,0],1,[4,0,0,0,0],[[1,0,0,0,3],[1,0,0,1,2]]]
TARGET [[2,0,0,1,1],[3,0,0,0,1],2,[4,0,0,0,0],[[1,0,0,2,1],[1,0,1,1,1]]]
TARGET [[2,0,0,2,0],[2,0,0,2,0],0,[2,0,0,2,0],[[2,0,0,2,0],[2,0,1,1,0]]]
TARGET [[2,0,1,0,1],[3,0,1,0,0],1,[3,0,1,0,0],[[1,0,1,0,2]]]
TARGET [[2,0,1,1,0],[2,0,0,2,0],1,[2,0,0,2,0],[]]
TARGET [[2,0,2,0,0],[2,0,2,0,0],0,[2,0,2,0,0],[[1,0,2,0,1],[2,0,2,0,0]]]
TARGET [[2,1,0,0,1],[2,2,0,0,0],2,[0,4,0,0,0],[]]
TARGET [[2,1,0,1,0],[1,2,0,1,0],2,[0,3,0,1,0],[]]
TARGET [[2,1,1,0,0],[1,1,2,0,0],3,[0,0,4,0,0],[]]
TARGET [[2,2,0,0,0],[0,4,0,0,0],1,[0,4,0,0,0],[[2,1,0,0,1],[3,1,0,0,0]]]
TARGET [[3,0,0,0,1],[4,0,0,0,0],1,[4,0,0,0,0],[[2,0,0,1,1]]]
TARGET [[3,0,0,1,0],[3,0,0,1,0],0,[3,0,0,1,0],[[3,0,0,1,0]]]
TARGET [[3,0,1,0,0],[3,0,1,0,0],0,[3,0,1,0,0],[[2,0,1,0,1],[3,0,1,0,0]]]
TARGET [[3,1,0,0,0],[2,2,0,0,0],2,[0,4,0,0,0],[]]
TARGET [[4,0,0,0,0],[4,0,0,0,0],0,[4,0,0,0,0],[[2,0,0,0,2],[3,0,0,0,1],[4,0,0,0,0]]]
CARRIER 5 4 70 height 3 image 40 max_fibre 3
TARGET [[0,0,0,0,0,0],[0,0,0,0,0,0],0,[0,0,0,0,0,0],[[0,0,0,0,0,0]]]
CARRIER 6 0 1 height 0 image 1 max_fibre 1
TARGET [[0,0,0,0,0,1],[0,0,0,0,0,1],0,[0,0,0,0,0,1],[[0,0,0,0,0,1]]]
TARGET [[0,0,0,0,1,0],[0,0,0,0,1,0],0,[0,0,0,0,1,0],[[0,0,0,0,1,0]]]
TARGET [[0,0,0,1,0,0],[0,0,0,1,0,0],0,[0,0,0,1,0,0],[[0,0,0,1,0,0]]]
TARGET [[0,0,1,0,0,0],[0,0,1,0,0,0],0,[0,0,1,0,0,0],[[0,0,1,0,0,0]]]
TARGET [[0,1,0,0,0,0],[0,1,0,0,0,0],0,[0,1,0,0,0,0],[[0,1,0,0,0,0]]]
TARGET [[1,0,0,0,0,0],[1,0,0,0,0,0],0,[1,0,0,0,0,0],[[1,0,0,0,0,0]]]
CARRIER 6 1 6 height 0 image 6 max_fibre 1
TARGET [[0,0,0,0,0,2],[0,0,0,0,0,2],0,[0,0,0,0,0,2],[[0,0,0,0,0,2],[0,0,0,0,1,1]]]
TARGET [[0,0,0,0,1,1],[0,0,0,0,0,2],1,[0,0,0,0,0,2],[]]
TARGET [[0,0,0,0,2,0],[0,0,0,0,2,0],0,[0,0,0,0,2,0],[[0,0,0,0,2,0],[0,0,0,1,1,0]]]
TARGET [[0,0,0,1,0,1],[0,0,0,1,0,1],0,[0,0,0,1,0,1],[[0,0,0,1,0,1]]]
TARGET [[0,0,0,1,1,0],[0,0,0,0,2,0],1,[0,0,0,0,2,0],[]]
TARGET [[0,0,0,2,0,0],[0,0,0,2,0,0],0,[0,0,0,2,0,0],[[0,0,0,2,0,0],[0,0,1,1,0,0]]]
TARGET [[0,0,1,0,0,1],[0,0,1,0,0,1],0,[0,0,1,0,0,1],[[0,0,1,0,0,1]]]
TARGET [[0,0,1,0,1,0],[0,0,1,0,1,0],0,[0,0,1,0,1,0],[[0,0,1,0,1,0]]]
TARGET [[0,0,1,1,0,0],[0,0,0,2,0,0],1,[0,0,0,2,0,0],[]]
TARGET [[0,0,2,0,0,0],[0,0,2,0,0,0],0,[0,0,2,0,0,0],[[0,0,2,0,0,0],[0,1,1,0,0,0]]]
TARGET [[0,1,0,0,0,1],[0,1,0,0,0,1],0,[0,1,0,0,0,1],[[0,1,0,0,0,1]]]
TARGET [[0,1,0,0,1,0],[0,1,0,0,1,0],0,[0,1,0,0,1,0],[[0,1,0,0,1,0]]]
TARGET [[0,1,0,1,0,0],[0,1,0,1,0,0],0,[0,1,0,1,0,0],[[0,1,0,1,0,0]]]
TARGET [[0,1,1,0,0,0],[0,0,2,0,0,0],1,[0,0,2,0,0,0],[]]
TARGET [[0,2,0,0,0,0],[0,2,0,0,0,0],0,[0,2,0,0,0,0],[[0,2,0,0,0,0],[1,1,0,0,0,0]]]
TARGET [[1,0,0,0,0,1],[2,0,0,0,0,0],1,[2,0,0,0,0,0],[]]
TARGET [[1,0,0,0,1,0],[1,0,0,0,1,0],0,[1,0,0,0,1,0],[[1,0,0,0,1,0]]]
TARGET [[1,0,0,1,0,0],[1,0,0,1,0,0],0,[1,0,0,1,0,0],[[1,0,0,1,0,0]]]
TARGET [[1,0,1,0,0,0],[1,0,1,0,0,0],0,[1,0,1,0,0,0],[[1,0,1,0,0,0]]]
TARGET [[1,1,0,0,0,0],[0,2,0,0,0,0],1,[0,2,0,0,0,0],[]]
TARGET [[2,0,0,0,0,0],[2,0,0,0,0,0],0,[2,0,0,0,0,0],[[1,0,0,0,0,1],[2,0,0,0,0,0]]]
CARRIER 6 2 21 height 1 image 15 max_fibre 2
TARGET [[0,0,0,0,0,3],[0,0,0,0,0,3],0,[0,0,0,0,0,3],[[0,0,0,0,0,3],[0,0,0,0,1,2]]]
TARGET [[0,0,0,0,1,2],[0,0,0,0,0,3],1,[0,0,0,0,0,3],[[0,0,0,0,2,1],[0,0,0,1,1,1]]]
TARGET [[0,0,0,0,2,1],[0,0,0,0,1,2],2,[0,0,0,0,0,3],[]]
TARGET [[0,0,0,0,3,0],[0,0,0,0,3,0],0,[0,0,0,0,3,0],[[0,0,0,0,3,0],[0,0,0,1,2,0]]]
TARGET [[0,0,0,1,0,2],[0,0,0,1,0,2],0,[0,0,0,1,0,2],[[0,0,0,1,0,2]]]
TARGET [[0,0,0,1,1,1],[0,0,0,0,1,2],2,[0,0,0,0,0,3],[]]
TARGET [[0,0,0,1,2,0],[0,0,0,0,3,0],1,[0,0,0,0,3,0],[[0,0,0,2,1,0],[0,0,1,1,1,0]]]
TARGET [[0,0,0,2,0,1],[0,0,0,2,0,1],0,[0,0,0,2,0,1],[[0,0,0,2,0,1],[0,0,1,1,0,1]]]
TARGET [[0,0,0,2,1,0],[0,0,0,1,2,0],2,[0,0,0,0,3,0],[]]
TARGET [[0,0,0,3,0,0],[0,0,0,3,0,0],0,[0,0,0,3,0,0],[[0,0,0,3,0,0],[0,0,1,2,0,0]]]
TARGET [[0,0,1,0,0,2],[0,0,1,0,0,2],0,[0,0,1,0,0,2],[[0,0,1,0,0,2],[0,0,1,0,1,1]]]
TARGET [[0,0,1,0,1,1],[0,0,1,0,0,2],1,[0,0,1,0,0,2],[]]
TARGET [[0,0,1,0,2,0],[0,0,1,0,2,0],0,[0,0,1,0,2,0],[[0,0,1,0,2,0]]]
TARGET [[0,0,1,1,0,1],[0,0,0,2,0,1],1,[0,0,0,2,0,1],[]]
TARGET [[0,0,1,1,1,0],[0,0,0,1,2,0],2,[0,0,0,0,3,0],[]]
TARGET [[0,0,1,2,0,0],[0,0,0,3,0,0],1,[0,0,0,3,0,0],[[0,0,2,1,0,0],[0,1,1,1,0,0]]]
TARGET [[0,0,2,0,0,1],[0,0,2,0,0,1],0,[0,0,2,0,0,1],[[0,0,2,0,0,1],[0,1,1,0,0,1]]]
TARGET [[0,0,2,0,1,0],[0,0,2,0,1,0],0,[0,0,2,0,1,0],[[0,0,2,0,1,0],[0,1,1,0,1,0]]]
TARGET [[0,0,2,1,0,0],[0,0,1,2,0,0],2,[0,0,0,3,0,0],[]]
TARGET [[0,0,3,0,0,0],[0,0,3,0,0,0],0,[0,0,3,0,0,0],[[0,0,3,0,0,0],[0,1,2,0,0,0]]]
TARGET [[0,1,0,0,0,2],[0,1,0,0,0,2],0,[0,1,0,0,0,2],[[0,1,0,0,0,2],[0,1,0,0,1,1]]]
TARGET [[0,1,0,0,1,1],[0,1,0,0,0,2],1,[0,1,0,0,0,2],[]]
TARGET [[0,1,0,0,2,0],[0,1,0,0,2,0],0,[0,1,0,0,2,0],[[0,1,0,0,2,0],[0,1,0,1,1,0]]]
TARGET [[0,1,0,1,0,1],[0,1,0,1,0,1],0,[0,1,0,1,0,1],[[0,1,0,1,0,1]]]
TARGET [[0,1,0,1,1,0],[0,1,0,0,2,0],1,[0,1,0,0,2,0],[]]
TARGET [[0,1,0,2,0,0],[0,1,0,2,0,0],0,[0,1,0,2,0,0],[[0,1,0,2,0,0]]]
TARGET [[0,1,1,0,0,1],[0,0,2,0,0,1],1,[0,0,2,0,0,1],[]]
TARGET [[0,1,1,0,1,0],[0,0,2,0,1,0],1,[0,0,2,0,1,0],[]]
TARGET [[0,1,1,1,0,0],[0,0,1,2,0,0],2,[0,0,0,3,0,0],[]]
TARGET [[0,1,2,0,0,0],[0,0,3,0,0,0],1,[0,0,3,0,0,0],[[0,2,1,0,0,0],[1,1,1,0,0,0]]]
TARGET [[0,2,0,0,0,1],[0,2,0,0,0,1],0,[0,2,0,0,0,1],[[0,2,0,0,0,1]]]
TARGET [[0,2,0,0,1,0],[0,2,0,0,1,0],0,[0,2,0,0,1,0],[[0,2,0,0,1,0],[1,1,0,0,1,0]]]
TARGET [[0,2,0,1,0,0],[0,2,0,1,0,0],0,[0,2,0,1,0,0],[[0,2,0,1,0,0],[1,1,0,1,0,0]]]
TARGET [[0,2,1,0,0,0],[0,1,2,0,0,0],2,[0,0,3,0,0,0],[]]
TARGET [[0,3,0,0,0,0],[0,3,0,0,0,0],0,[0,3,0,0,0,0],[[0,3,0,0,0,0],[1,2,0,0,0,0]]]
TARGET [[1,0,0,0,0,2],[2,0,0,0,0,1],2,[3,0,0,0,0,0],[]]
TARGET [[1,0,0,0,1,1],[2,0,0,0,0,1],2,[3,0,0,0,0,0],[]]
TARGET [[1,0,0,0,2,0],[1,0,0,0,2,0],0,[1,0,0,0,2,0],[[1,0,0,0,2,0],[1,0,0,1,1,0]]]
TARGET [[1,0,0,1,0,1],[2,0,0,1,0,0],1,[2,0,0,1,0,0],[]]
TARGET [[1,0,0,1,1,0],[1,0,0,0,2,0],1,[1,0,0,0,2,0],[]]
TARGET [[1,0,0,2,0,0],[1,0,0,2,0,0],0,[1,0,0,2,0,0],[[1,0,0,2,0,0],[1,0,1,1,0,0]]]
TARGET [[1,0,1,0,0,1],[2,0,1,0,0,0],1,[2,0,1,0,0,0],[]]
TARGET [[1,0,1,0,1,0],[1,0,1,0,1,0],0,[1,0,1,0,1,0],[[1,0,1,0,1,0]]]
TARGET [[1,0,1,1,0,0],[1,0,0,2,0,0],1,[1,0,0,2,0,0],[]]
TARGET [[1,0,2,0,0,0],[1,0,2,0,0,0],0,[1,0,2,0,0,0],[[1,0,2,0,0,0]]]
TARGET [[1,1,0,0,0,1],[1,2,0,0,0,0],2,[0,3,0,0,0,0],[]]
TARGET [[1,1,0,0,1,0],[0,2,0,0,1,0],1,[0,2,0,0,1,0],[]]
TARGET [[1,1,0,1,0,0],[0,2,0,1,0,0],1,[0,2,0,1,0,0],[]]
TARGET [[1,1,1,0,0,0],[0,1,2,0,0,0],2,[0,0,3,0,0,0],[]]
TARGET [[1,2,0,0,0,0],[0,3,0,0,0,0],1,[0,3,0,0,0,0],[[1,1,0,0,0,1],[2,1,0,0,0,0]]]
TARGET [[2,0,0,0,0,1],[3,0,0,0,0,0],1,[3,0,0,0,0,0],[[1,0,0,0,0,2],[1,0,0,0,1,1]]]
TARGET [[2,0,0,0,1,0],[2,0,0,0,1,0],0,[2,0,0,0,1,0],[[2,0,0,0,1,0]]]
TARGET [[2,0,0,1,0,0],[2,0,0,1,0,0],0,[2,0,0,1,0,0],[[1,0,0,1,0,1],[2,0,0,1,0,0]]]
TARGET [[2,0,1,0,0,0],[2,0,1,0,0,0],0,[2,0,1,0,0,0],[[1,0,1,0,0,1],[2,0,1,0,0,0]]]
TARGET [[2,1,0,0,0,0],[1,2,0,0,0,0],2,[0,3,0,0,0,0],[]]
TARGET [[3,0,0,0,0,0],[3,0,0,0,0,0],0,[3,0,0,0,0,0],[[2,0,0,0,0,1],[3,0,0,0,0,0]]]
CARRIER 6 3 56 height 2 image 32 max_fibre 2
TARGET [[0,0,0,0,0,4],[0,0,0,0,0,4],0,[0,0,0,0,0,4],[[0,0,0,0,0,4],[0,0,0,0,1,3],[0,0,0,0,2,2]]]
TARGET [[0,0,0,0,1,3],[0,0,0,0,0,4],1,[0,0,0,0,0,4],[[0,0,0,1,1,2]]]
TARGET [[0,0,0,0,2,2],[0,0,0,0,0,4],1,[0,0,0,0,0,4],[[0,0,0,0,3,1],[0,0,0,1,2,1]]]
TARGET [[0,0,0,0,3,1],[0,0,0,0,2,2],2,[0,0,0,0,0,4],[]]
TARGET [[0,0,0,0,4,0],[0,0,0,0,4,0],0,[0,0,0,0,4,0],[[0,0,0,0,4,0],[0,0,0,1,3,0],[0,0,0,2,2,0]]]
TARGET [[0,0,0,1,0,3],[0,0,0,1,0,3],0,[0,0,0,1,0,3],[[0,0,0,1,0,3]]]
TARGET [[0,0,0,1,1,2],[0,0,0,0,1,3],2,[0,0,0,0,0,4],[[0,0,0,2,1,1],[0,0,1,1,1,1]]]
TARGET [[0,0,0,1,2,1],[0,0,0,0,2,2],2,[0,0,0,0,0,4],[]]
TARGET [[0,0,0,1,3,0],[0,0,0,0,4,0],1,[0,0,0,0,4,0],[[0,0,1,1,2,0]]]
TARGET [[0,0,0,2,0,2],[0,0,0,2,0,2],0,[0,0,0,2,0,2],[[0,0,0,2,0,2],[0,0,1,1,0,2]]]
TARGET [[0,0,0,2,1,1],[0,0,0,1,1,2],3,[0,0,0,0,0,4],[]]
TARGET [[0,0,0,2,2,0],[0,0,0,0,4,0],1,[0,0,0,0,4,0],[[0,0,0,3,1,0],[0,0,1,2,1,0]]]
TARGET [[0,0,0,3,0,1],[0,0,0,3,0,1],0,[0,0,0,3,0,1],[[0,0,0,3,0,1],[0,0,1,2,0,1]]]
TARGET [[0,0,0,3,1,0],[0,0,0,2,2,0],2,[0,0,0,0,4,0],[]]
TARGET [[0,0,0,4,0,0],[0,0,0,4,0,0],0,[0,0,0,4,0,0],[[0,0,0,4,0,0],[0,0,1,3,0,0],[0,0,2,2,0,0]]]
TARGET [[0,0,1,0,0,3],[0,0,1,0,0,3],0,[0,0,1,0,0,3],[[0,0,1,0,0,3],[0,0,1,0,1,2]]]
TARGET [[0,0,1,0,1,2],[0,0,1,0,0,3],1,[0,0,1,0,0,3],[[0,0,1,0,2,1]]]
TARGET [[0,0,1,0,2,1],[0,0,1,0,1,2],2,[0,0,1,0,0,3],[]]
TARGET [[0,0,1,0,3,0],[0,0,1,0,3,0],0,[0,0,1,0,3,0],[[0,0,1,0,3,0]]]
TARGET [[0,0,1,1,0,2],[0,0,0,2,0,2],1,[0,0,0,2,0,2],[]]
TARGET [[0,0,1,1,1,1],[0,0,0,1,1,2],3,[0,0,0,0,0,4],[]]
TARGET [[0,0,1,1,2,0],[0,0,0,1,3,0],2,[0,0,0,0,4,0],[[0,0,2,1,1,0],[0,1,1,1,1,0]]]
TARGET [[0,0,1,2,0,1],[0,0,0,3,0,1],1,[0,0,0,3,0,1],[[0,0,2,1,0,1],[0,1,1,1,0,1]]]
TARGET [[0,0,1,2,1,0],[0,0,0,2,2,0],2,[0,0,0,0,4,0],[]]
TARGET [[0,0,1,3,0,0],[0,0,0,4,0,0],1,[0,0,0,4,0,0],[[0,1,1,2,0,0]]]
TARGET [[0,0,2,0,0,2],[0,0,2,0,0,2],0,[0,0,2,0,0,2],[[0,0,2,0,0,2],[0,0,2,0,1,1],[0,1,1,0,0,2],[0,1,1,0,1,1]]]
TARGET [[0,0,2,0,1,1],[0,0,2,0,0,2],1,[0,0,2,0,0,2],[]]
TARGET [[0,0,2,0,2,0],[0,0,2,0,2,0],0,[0,0,2,0,2,0],[[0,0,2,0,2,0],[0,1,1,0,2,0]]]
TARGET [[0,0,2,1,0,1],[0,0,1,2,0,1],2,[0,0,0,3,0,1],[]]
TARGET [[0,0,2,1,1,0],[0,0,1,1,2,0],3,[0,0,0,0,4,0],[]]
TARGET [[0,0,2,2,0,0],[0,0,0,4,0,0],1,[0,0,0,4,0,0],[[0,0,3,1,0,0],[0,1,2,1,0,0]]]
TARGET [[0,0,3,0,0,1],[0,0,3,0,0,1],0,[0,0,3,0,0,1],[[0,0,3,0,0,1],[0,1,2,0,0,1]]]
TARGET [[0,0,3,0,1,0],[0,0,3,0,1,0],0,[0,0,3,0,1,0],[[0,0,3,0,1,0],[0,1,2,0,1,0]]]
TARGET [[0,0,3,1,0,0],[0,0,2,2,0,0],2,[0,0,0,4,0,0],[]]
TARGET [[0,0,4,0,0,0],[0,0,4,0,0,0],0,[0,0,4,0,0,0],[[0,0,4,0,0,0],[0,1,3,0,0,0],[0,2,2,0,0,0]]]
TARGET [[0,1,0,0,0,3],[0,1,0,0,0,3],0,[0,1,0,0,0,3],[[0,1,0,0,0,3],[0,1,0,0,1,2]]]
TARGET [[0,1,0,0,1,2],[0,1,0,0,0,3],1,[0,1,0,0,0,3],[[0,1,0,0,2,1],[0,1,0,1,1,1]]]
TARGET [[0,1,0,0,2,1],[0,1,0,0,1,2],2,[0,1,0,0,0,3],[]]
TARGET [[0,1,0,0,3,0],[0,1,0,0,3,0],0,[0,1,0,0,3,0],[[0,1,0,0,3,0],[0,1,0,1,2,0]]]
TARGET [[0,1,0,1,0,2],[0,1,0,1,0,2],0,[0,1,0,1,0,2],[[0,1,0,1,0,2]]]
TARGET [[0,1,0,1,1,1],[0,1,0,0,1,2],2,[0,1,0,0,0,3],[]]
TARGET [[0,1,0,1,2,0],[0,1,0,0,3,0],1,[0,1,0,0,3,0],[[0,1,0,2,1,0]]]
TARGET [[0,1,0,2,0,1],[0,1,0,2,0,1],0,[0,1,0,2,0,1],[[0,1,0,2,0,1]]]
TARGET [[0,1,0,2,1,0],[0,1,0,1,2,0],2,[0,1,0,0,3,0],[]]
TARGET [[0,1,0,3,0,0],[0,1,0,3,0,0],0,[0,1,0,3,0,0],[[0,1,0,3,0,0]]]
TARGET [[0,1,1,0,0,2],[0,0,2,0,0,2],1,[0,0,2,0,0,2],[]]
TARGET [[0,1,1,0,1,1],[0,0,2,0,0,2],1,[0,0,2,0,0,2],[]]
TARGET [[0,1,1,0,2,0],[0,0,2,0,2,0],1,[0,0,2,0,2,0],[]]
TARGET [[0,1,1,1,0,1],[0,0,1,2,0,1],2,[0,0,0,3,0,1],[]]
TARGET [[0,1,1,1,1,0],[0,0,1,1,2,0],3,[0,0,0,0,4,0],[]]
TARGET [[0,1,1,2,0,0],[0,0,1,3,0,0],2,[0,0,0,4,0,0],[[0,2,1,1,0,0],[1,1,1,1,0,0]]]
TARGET [[0,1,2,0,0,1],[0,0,3,0,0,1],1,[0,0,3,0,0,1],[[0,2,1,0,0,1]]]
TARGET [[0,1,2,0,1,0],[0,0,3,0,1,0],1,[0,0,3,0,1,0],[[0,2,1,0,1,0],[1,1,1,0,1,0]]]
TARGET [[0,1,2,1,0,0],[0,0,2,2,0,0],2,[0,0,0,4,0,0],[]]
TARGET [[0,1,3,0,0,0],[0,0,4,0,0,0],1,[0,0,4,0,0,0],[[1,1,2,0,0,0]]]
TARGET [[0,2,0,0,0,2],[0,2,0,0,0,2],0,[0,2,0,0,0,2],[[0,2,0,0,0,2],[0,2,0,0,1,1]]]
TARGET [[0,2,0,0,1,1],[0,2,0,0,0,2],1,[0,2,0,0,0,2],[]]
TARGET [[0,2,0,0,2,0],[0,2,0,0,2,0],0,[0,2,0,0,2,0],[[0,2,0,0,2,0],[0,2,0,1,1,0],[1,1,0,0,2,0],[1,1,0,1,1,0]]]
TARGET [[0,2,0,1,0,1],[0,2,0,1,0,1],0,[0,2,0,1,0,1],[[0,2,0,1,0,1]]]
TARGET [[0,2,0,1,1,0],[0,2,0,0,2,0],1,[0,2,0,0,2,0],[]]
TARGET [[0,2,0,2,0,0],[0,2,0,2,0,0],0,[0,2,0,2,0,0],[[0,2,0,2,0,0],[1,1,0,2,0,0]]]
TARGET [[0,2,1,0,0,1],[0,1,2,0,0,1],2,[0,0,3,0,0,1],[]]
TARGET [[0,2,1,0,1,0],[0,1,2,0,1,0],2,[0,0,3,0,1,0],[]]
TARGET [[0,2,1,1,0,0],[0,1,1,2,0,0],3,[0,0,0,4,0,0],[]]
TARGET [[0,2,2,0,0,0],[0,0,4,0,0,0],1,[0,0,4,0,0,0],[[0,3,1,0,0,0],[1,2,1,0,0,0]]]
TARGET [[0,3,0,0,0,1],[0,3,0,0,0,1],0,[0,3,0,0,0,1],[[0,3,0,0,0,1]]]
TARGET [[0,3,0,0,1,0],[0,3,0,0,1,0],0,[0,3,0,0,1,0],[[0,3,0,0,1,0],[1,2,0,0,1,0]]]
TARGET [[0,3,0,1,0,0],[0,3,0,1,0,0],0,[0,3,0,1,0,0],[[0,3,0,1,0,0],[1,2,0,1,0,0]]]
TARGET [[0,3,1,0,0,0],[0,2,2,0,0,0],2,[0,0,4,0,0,0],[]]
TARGET [[0,4,0,0,0,0],[0,4,0,0,0,0],0,[0,4,0,0,0,0],[[0,4,0,0,0,0],[1,3,0,0,0,0],[2,2,0,0,0,0]]]
TARGET [[1,0,0,0,0,3],[2,0,0,0,0,2],2,[4,0,0,0,0,0],[]]
TARGET [[1,0,0,0,1,2],[2,0,0,0,0,2],2,[4,0,0,0,0,0],[]]
TARGET [[1,0,0,0,2,1],[2,0,0,0,1,1],3,[4,0,0,0,0,0],[]]
TARGET [[1,0,0,0,3,0],[1,0,0,0,3,0],0,[1,0,0,0,3,0],[[1,0,0,0,3,0],[1,0,0,1,2,0]]]
TARGET [[1,0,0,1,0,2],[2,0,0,1,0,1],2,[3,0,0,1,0,0],[]]
TARGET [[1,0,0,1,1,1],[2,0,0,0,1,1],3,[4,0,0,0,0,0],[]]
TARGET [[1,0,0,1,2,0],[1,0,0,0,3,0],1,[1,0,0,0,3,0],[[1,0,0,2,1,0],[1,0,1,1,1,0]]]
TARGET [[1,0,0,2,0,1],[2,0,0,2,0,0],1,[2,0,0,2,0,0],[]]
TARGET [[1,0,0,2,1,0],[1,0,0,1,2,0],2,[1,0,0,0,3,0],[]]
TARGET [[1,0,0,3,0,0],[1,0,0,3,0,0],0,[1,0,0,3,0,0],[[1,0,0,3,0,0],[1,0,1,2,0,0]]]
TARGET [[1,0,1,0,0,2],[2,0,1,0,0,1],2,[3,0,1,0,0,0],[]]
TARGET [[1,0,1,0,1,1],[2,0,1,0,0,1],2,[3,0,1,0,0,0],[]]
TARGET [[1,0,1,0,2,0],[1,0,1,0,2,0],0,[1,0,1,0,2,0],[[1,0,1,0,2,0]]]
TARGET [[1,0,1,1,0,1],[2,0,0,2,0,0],1,[2,0,0,2,0,0],[]]
TARGET [[1,0,1,1,1,0],[1,0,0,1,2,0],2,[1,0,0,0,3,0],[]]
TARGET [[1,0,1,2,0,0],[1,0,0,3,0,0],1,[1,0,0,3,0,0],[[1,0,2,1,0,0]]]
TARGET [[1,0,2,0,0,1],[2,0,2,0,0,0],1,[2,0,2,0,0,0],[]]
TARGET [[1,0,2,0,1,0],[1,0,2,0,1,0],0,[1,0,2,0,1,0],[[1,0,2,0,1,0]]]
TARGET [[1,0,2,1,0,0],[1,0,1,2,0,0],2,[1,0,0,3,0,0],[]]
TARGET [[1,0,3,0,0,0],[1,0,3,0,0,0],0,[1,0,3,0,0,0],[[1,0,3,0,0,0]]]
TARGET [[1,1,0,0,0,2],[1,2,0,0,0,1],3,[0,4,0,0,0,0],[]]
TARGET [[1,1,0,0,1,1],[1,2,0,0,0,1],3,[0,4,0,0,0,0],[]]
TARGET [[1,1,0,0,2,0],[0,2,0,0,2,0],1,[0,2,0,0,2,0],[]]
TARGET [[1,1,0,1,0,1],[1,2,0,1,0,0],2,[0,3,0,1,0,0],[]]
TARGET [[1,1,0,1,1,0],[0,2,0,0,2,0],1,[0,2,0,0,2,0],[]]
TARGET [[1,1,0,2,0,0],[0,2,0,2,0,0],1,[0,2,0,2,0,0],[]]
TARGET [[1,1,1,0,0,1],[1,1,2,0,0,0],3,[0,0,4,0,0,0],[]]
TARGET [[1,1,1,0,1,0],[0,1,2,0,1,0],2,[0,0,3,0,1,0],[]]
TARGET [[1,1,1,1,0,0],[0,1,1,2,0,0],3,[0,0,0,4,0,0],[]]
TARGET [[1,1,2,0,0,0],[0,1,3,0,0,0],2,[0,0,4,0,0,0],[[1,1,1,0,0,1],[2,1,1,0,0,0]]]
TARGET [[1,2,0,0,0,1],[1,3,0,0,0,0],2,[0,4,0,0,0,0],[[1,1,0,0,0,2],[1,1,0,0,1,1]]]
TARGET [[1,2,0,0,1,0],[0,3,0,0,1,0],1,[0,3,0,0,1,0],[[2,1,0,0,1,0]]]
TARGET [[1,2,0,1,0,0],[0,3,0,1,0,0],1,[0,3,0,1,0,0],[[1,1,0,1,0,1],[2,1,0,1,0,0]]]
TARGET [[1,2,1,0,0,0],[0,2,2,0,0,0],2,[0,0,4,0,0,0],[]]
TARGET [[1,3,0,0,0,0],[0,4,0,0,0,0],1,[0,4,0,0,0,0],[[1,2,0,0,0,1]]]
TARGET [[2,0,0,0,0,2],[4,0,0,0,0,0],1,[4,0,0,0,0,0],[[1,0,0,0,0,3],[1,0,0,0,1,2]]]
TARGET [[2,0,0,0,1,1],[3,0,0,0,0,1],2,[4,0,0,0,0,0],[[1,0,0,0,2,1],[1,0,0,1,1,1]]]
TARGET [[2,0,0,0,2,0],[2,0,0,0,2,0],0,[2,0,0,0,2,0],[[2,0,0,0,2,0],[2,0,0,1,1,0]]]
TARGET [[2,0,0,1,0,1],[3,0,0,1,0,0],1,[3,0,0,1,0,0],[[1,0,0,1,0,2]]]
TARGET [[2,0,0,1,1,0],[2,0,0,0,2,0],1,[2,0,0,0,2,0],[]]
TARGET [[2,0,0,2,0,0],[2,0,0,2,0,0],0,[2,0,0,2,0,0],[[1,0,0,2,0,1],[1,0,1,1,0,1],[2,0,0,2,0,0],[2,0,1,1,0,0]]]
TARGET [[2,0,1,0,0,1],[3,0,1,0,0,0],1,[3,0,1,0,0,0],[[1,0,1,0,0,2],[1,0,1,0,1,1]]]
TARGET [[2,0,1,0,1,0],[2,0,1,0,1,0],0,[2,0,1,0,1,0],[[2,0,1,0,1,0]]]
TARGET [[2,0,1,1,0,0],[2,0,0,2,0,0],1,[2,0,0,2,0,0],[]]
TARGET [[2,0,2,0,0,0],[2,0,2,0,0,0],0,[2,0,2,0,0,0],[[1,0,2,0,0,1],[2,0,2,0,0,0]]]
TARGET [[2,1,0,0,0,1],[2,2,0,0,0,0],2,[0,4,0,0,0,0],[]]
TARGET [[2,1,0,0,1,0],[1,2,0,0,1,0],2,[0,3,0,0,1,0],[]]
TARGET [[2,1,0,1,0,0],[1,2,0,1,0,0],2,[0,3,0,1,0,0],[]]
TARGET [[2,1,1,0,0,0],[1,1,2,0,0,0],3,[0,0,4,0,0,0],[]]
TARGET [[2,2,0,0,0,0],[0,4,0,0,0,0],1,[0,4,0,0,0,0],[[2,1,0,0,0,1],[3,1,0,0,0,0]]]
TARGET [[3,0,0,0,0,1],[4,0,0,0,0,0],1,[4,0,0,0,0,0],[[2,0,0,0,1,1]]]
TARGET [[3,0,0,0,1,0],[3,0,0,0,1,0],0,[3,0,0,0,1,0],[[3,0,0,0,1,0]]]
TARGET [[3,0,0,1,0,0],[3,0,0,1,0,0],0,[3,0,0,1,0,0],[[2,0,0,1,0,1],[3,0,0,1,0,0]]]
TARGET [[3,0,1,0,0,0],[3,0,1,0,0,0],0,[3,0,1,0,0,0],[[2,0,1,0,0,1],[3,0,1,0,0,0]]]
TARGET [[3,1,0,0,0,0],[2,2,0,0,0,0],2,[0,4,0,0,0,0],[]]
TARGET [[4,0,0,0,0,0],[4,0,0,0,0,0],0,[4,0,0,0,0,0],[[2,0,0,0,0,2],[3,0,0,0,0,1],[4,0,0,0,0,0]]]
CARRIER 6 4 126 height 3 image 69 max_fibre 4
BRANCH_COUNTS {"descent_parity_reject": 5842, "empty_interval": 785, "positive_words": 294, "r1": 2307, "r2": 1364, "r3plus": 3000, "two_free_intervals": 18}
COMPLETE states=461 carriers=30 fixed_targets=205; finite_agreement_only; no_author_pilot_reclassification; HOLD_EXTERNAL
