P176 independent hostile-review verifier B
method=string slicing + Brent clocks + direct component functional graphs
exhaustive_n=1..17
constructive_and_arithmetic_stress_n=2..96
n states necklaces image fixed max_tail deepest periods fibres_0/1/2
1 2 2 2 2 0 2 1 0/2/0
2 4 3 4 2 0 4 1,2 0/4/0
3 8 4 6 2 1 2 1,2 2/4/2
4 16 6 14 4 2 2 1,2 2/12/2
5 32 8 24 2 3 2 1,2 8/16/8
6 64 14 54 2 4 2 1,2,3 10/44/10
7 128 20 96 2 5 2 1,2 32/64/32
8 256 36 212 8 6 2 1,2,4 44/168/44
9 512 60 384 8 7 2 1,2,3 128/256/128
10 1024 108 838 2 8 2 1,2,5 186/652/186
11 2048 188 1536 2 9 2 1,2 512/1024/512
12 4096 352 3324 22 10 2 1,2,3,4,6 772/2552/772
13 8192 632 6144 2 11 2 1,2 2048/4096/2048
14 16384 1182 13212 2 12 2 1,2,7 3172/10040/3172
15 32768 2192 24576 2 13 2 1,2,3,5 8192/16384/8192
16 65536 4116 52584 80 14 2 1,2,4,8 12952/39632/12952
17 131072 7712 98304 2 15 2 1,2 32768/65536/32768
transition_clock_digest=a3c10b5b7c7d35801ba595e56a91aa08e51b65545bbe9fa7426948359efcd455
assertions=19758014
RESULT: PASS
